model,trait_set,K,profile_id,eligible_primary_k,model_usability_gate,bootstrap_n,centroid_pc1,centroid_pc2,centroid_pc3,sd_pc1,sd_pc2,sd_pc3,cov_11,cov_12,cov_13,cov_22,cov_23,cov_33,eigenvalue_1,eigenvalue_2,eigenvalue_3,eigenvector_1_1,eigenvector_1_2,eigenvector_1_3,eigenvector_2_1,eigenvector_2_2,eigenvector_2_3,eigenvector_3_1,eigenvector_3_2,eigenvector_3_3,fraction_inside_50_sample_coverage,fraction_inside_80_sample_coverage,fraction_inside_95_sample_coverage
qwen,12,4,H04_A,True,USABLE,500,-305.050160446,278.602966767,149.431203055,46.9379154064,52.0250288447,48.8986551185,2203.1679027,-1614.75149551,-1060.4484651,2706.6036263,1980.26503516,2391.0784724,5608.2289735,1245.70941546,446.911612433,-0.490332556622,0.660737160962,0.568331230921,0.803209897952,0.0894899562757,0.58893582635,-0.338271848886,-0.745263679411,0.574590466682,0,0,0
qwen,12,4,H04_B,True,USABLE,500,9.2005654034,51.7243750662,-41.3186784896,26.6255009534,21.9167412002,21.4735309436,708.917301019,-387.983800666,-181.386234151,480.343544838,220.702692175,461.112531186,1117.30081914,365.930137977,167.142419924,-0.719180011525,0.573823817614,0.391798848086,0.503194869234,0.0412886100535,0.863186060045,-0.479139890428,-0.81793733074,0.318439143922,0,0.008,0.024
qwen,12,4,H04_C,True,USABLE,500,-179.140485613,163.282246843,107.817547309,39.7983853102,41.4958748304,36.63453799,1583.9114733,-1002.71292895,-693.290793076,1721.90762794,1289.39615674,1342.08937374,3575.00025053,865.093795274,207.814429184,-0.520833232255,0.659213027675,0.54237526522,0.83901544789,0.278124847367,0.467653341141,-0.157435137061,-0.698630627314,0.697946576894,0,0,0
qwen,12,4,H04_D,True,USABLE,500,58.5486018947,-36.247459393,10.8628532465,32.0244990212,25.6462188516,26.0107854076,1025.56853756,-553.431089053,-287.976855996,657.728541386,360.418938654,676.560957519,1633.63538338,517.877366744,208.345286345,-0.71108592199,0.560181379642,0.424916031058,0.55845684288,0.082811518522,0.825389730395,-0.427180016138,-0.824220282632,0.371723229714,0.054,0.096,0.146
qwen,12,5,H05_A,True,USABLE,500,85.132748748,6.60784501816,-51.8328700885,23.3532912394,20.5778867803,19.0602270901,545.37621171,-315.913613282,-142.737660368,423.449424343,211.532890201,363.292256726,915.919387111,288.877338006,127.321167662,-0.678148530577,0.61066366092,0.408906424146,0.585537539473,0.112701062691,0.802772857249,-0.444140023353,-0.783829295,0.433994557519,0.004,0.004,0.004
qwen,12,5,H05_B,True,USABLE,500,-304.265944732,275.652532354,147.30445468,47.4674149411,52.2970614834,48.9875433276,2253.15548119,-1654.33292064,-1069.6376647,2734.9826398,1982.51397364,2399.77940127,5668.18557484,1266.88055843,452.851388991,-0.4964134144,0.660616810016,0.563168848861,0.79548035507,0.0864478396099,0.599781439963,-0.347540971256,-0.745729308362,0.568421561825,0,0,0
qwen,12,5,H05_C,True,USABLE,500,-155.544858412,155.900432356,103.105826428,37.7196663132,39.1278712947,34.5843670558,1422.77322678,-895.810867036,-611.67547067,1530.99031205,1145.64245444,1196.07844465,3183.07667439,781.514494829,185.250814264,-0.523123948929,0.658681867573,0.54081376775,0.836416250673,0.27501501791,0.474103992321,-0.163551795062,-0.7003605766,0.694799160245,0,0,0
qwen,12,5,H05_D,True,USABLE,500,120.210474547,-41.4672307994,27.3161978913,31.8060094074,24.5086792522,24.4801453862,1011.62223442,-540.218909975,-263.641924363,600.675358687,323.876789405,599.277518129,1554.25960729,477.063668485,180.251835463,-0.737837669263,0.550601017578,0.390428089741,0.529936562552,0.114294069149,0.84030000918,-0.418046425038,-0.826907120056,0.376114080185,0,0.002,0.002
qwen,12,5,H05_E,True,USABLE,500,-266.43992375,201.724750012,72.7936661177,40.670439436,41.3964273414,39.8375293717,1654.08464392,-1028.39102131,-725.197561801,1713.66419663,1183.08174365,1587.02874644,3625.76242884,917.856559212,411.158598944,-0.535754501191,0.633533238179,0.558213893213,0.794979213342,0.155665494641,0.586324401789,-0.284561355086,-0.757894379119,0.587044244747,0,0,0
qwen,12,6,H06_A,True,USABLE,500,91.5319511158,1.10921446532,-52.0336811718,22.5969388677,20.3062999216,18.0601543414,510.621646191,-298.090693085,-129.055371417,412.345816507,204.820836281,326.169174834,864.126718411,267.499674438,117.510244683,-0.671880666739,0.624121006888,0.398809902616,0.611419299557,0.163473867736,0.774236872473,-0.418022499145,-0.764034857404,0.491434560119,0,0.002,0.004
qwen,12,6,H06_B,True,USABLE,500,-315.64963402,261.299740388,132.594654007,47.2345209332,51.8928970589,48.8438731493,2231.09996779,-1602.72849451,-1032.29331425,2692.87276516,1936.37140817,2385.72394422,5550.88938965,1285.46993672,473.337350807,-0.4945257776,0.660275464086,0.565226120075,0.797111359289,0.0852851975193,0.59777915318,-0.346493486493,-0.746165361438,0.568488801303,0,0,0
qwen,12,6,H06_C,True,USABLE,500,-166.906673384,175.223191422,129.383140437,37.2767904401,41.6369655897,37.7992234876,1389.55910551,-969.421890965,-677.869040859,1733.63690352,1332.40376459,1428.78129627,3559.81287741,781.121358264,211.043069625,-0.476902709552,0.669058554,0.570021453053,0.855146775494,0.203260543933,0.476874347856,-0.203193991015,-0.714874676149,0.669078769217,0,0,0
qwen,12,6,H06_D,True,USABLE,500,99.2611804568,-23.8036108687,-27.7194761108,28.1514471536,23.2989420694,23.3062814535,792.503976843,-443.567620862,-202.851395625,542.840701553,274.955864319,543.182755192,1276.65961955,430.947694253,170.920119781,-0.703369015464,0.579435692227,0.411735724292,0.535421084974,0.0508846475822,0.843051015304,-0.467542821408,-0.813427950844,0.346032771477,0.012,0.02,0.032
qwen,12,6,H06_E,True,USABLE,500,-266.465875217,224.426200284,65.9845855221,40.3315792753,39.5660563681,38.900318441,1626.63628684,-999.117399603,-710.341214793,1565.47281652,1081.70476585,1513.23477481,3437.05152512,873.661457957,394.630895101,-0.558251471787,0.617972124531,0.553593485828,0.769774795047,0.136865550136,0.623469795657,-0.309519077213,-0.774195243132,0.552104760306,0,0,0
qwen,12,6,H06_F,True,USABLE,500,-197.346707374,152.942185869,107.611664098,44.4920041669,43.8228603914,38.1452203301,1979.53843478,-1187.43494027,-809.720792038,1920.44309288,1386.01134328,1455.05783404,4072.33567833,1022.55980708,260.143876295,-0.564973964955,0.643995075677,0.515824351332,0.811891292695,0.322447519379,0.486682777682,-0.147095029722,-0.693756397989,0.705028447994,0,0,0
qwen,12,7,H07_A,True,USABLE,500,-0.178642108091,38.5037871989,86.9648892717,25.6887018968,23.2261044334,24.1637311084,659.909405145,-371.350067242,-207.177049743,539.451927151,291.516814666,583.885901081,1180.2124795,411.733318275,191.301435599,-0.625275833033,0.593121939811,0.507184874714,0.609817195505,-0.0342036011051,0.791803701519,-0.486983696536,-0.804385776967,0.340309272754,0.002,0.006,0.018
qwen,12,7,H07_B,True,USABLE,500,87.6258617885,5.05473133651,-57.5971431956,23.228834888,20.5243618274,18.581312306,539.578770253,-311.15189223,-138.581516719,421.249428421,208.616970912,345.265167013,901.783133291,279.423864864,124.886367533,-0.680501787131,0.614147311277,0.39967536547,0.59616703125,0.146914816273,0.78930406537,-0.42603073664,-0.77539610317,0.466110174344,0,0.004,0.004
qwen,12,7,H07_C,True,USABLE,500,-285.231350547,233.754226774,126.717220282,47.19290185,51.3508569857,48.4210596315,2227.16998502,-1596.40485366,-1000.18541475,2636.91051317,1865.94438673,2344.59901584,5438.10703807,1292.4174748,478.155001166,-0.502095077343,0.659104036475,0.559894992307,0.782528029168,0.0706334039002,0.618595833982,-0.368171721991,-0.748727447978,0.551232067074,0,0,0
qwen,12,7,H07_D,True,USABLE,500,-223.321480426,212.411944907,129.028808912,43.5011507954,48.7591835631,45.0284303809,1892.35012052,-1366.20426046,-987.646474952,2377.45798174,1864.628454,2027.55954257,4984.93647327,1024.36061442,288.070557141,-0.477106835042,0.66273668977,0.577190737962,0.852519273925,0.189464135411,0.487149082909,-0.213494626497,-0.724488385984,0.655390435566,0,0,0
qwen,12,7,H07_E,True,USABLE,500,78.5459525183,-19.2539876326,-9.84454330246,29.8646554078,23.8827330937,24.2070299571,891.897642629,-486.003001307,-219.421374353,570.384940024,281.579961005,585.980299344,1390.610637,472.711453616,184.94079138,-0.724370796141,0.564882333954,0.395215002859,0.508215091594,0.0501754523845,0.859767320067,-0.465837278859,-0.82364456701,0.32342735948,0.058,0.108,0.15
qwen,12,7,H07_F,True,USABLE,500,-167.95554896,148.147357126,93.7555426907,45.5434819429,44.4555402087,38.6149258992,2074.20874748,-1235.38731248,-837.869812395,1976.29505525,1426.43454011,1491.1125022,4213.64741012,1064.46643282,263.502461987,-0.571048935025,0.641716033448,0.511960590497,0.807734014327,0.327912629639,0.489937821995,-0.146522612265,-0.693306454419,0.705590025692,0,0,0
qwen,12,7,H07_G,True,USABLE,500,-294.625162757,242.631050153,50.1836389073,42.3428552938,41.6916826259,41.1511625898,1792.91739443,-1124.14812834,-835.515040016,1738.19640018,1250.39919365,1693.41818249,3889.37253985,927.950237822,407.209199435,-0.553599075704,0.615419218523,0.561059042215,0.782094795305,0.152747473394,0.604148939027,-0.286104516805,-0.773257651009,0.565877027825,0,0,0
qwen,12,8,H08_A,True,USABLE,500,-4.12098063848,76.3198221258,95.6611776934,26.1507396736,23.5550350206,23.7265908346,683.861185475,-373.906347639,-194.571945312,554.839674821,272.356623088,562.951112634,1173.19958297,419.673655761,208.778734204,-0.645898594362,0.599015274364,0.47328184719,0.587293527573,-0.00620802456522,0.809350216471,-0.48775128731,-0.800713532738,0.347788039211,0,0,0
qwen,12,8,H08_B,True,USABLE,500,41.5478643933,19.7144201105,-34.955668928,24.3503313824,20.2013153825,19.0673090693,592.93863843,-333.249869878,-127.484275358,408.093143185,177.854160067,363.562275144,924.99901589,309.039685275,130.555355594,-0.726922456995,0.589718800067,0.351874236572,0.488466847584,0.0838701779521,0.868542418113,-0.482684037779,-0.803241887664,0.349025199056,0.022,0.058,0.12
qwen,12,8,H08_C,True,USABLE,500,-129.785165445,176.86699547,34.6911902264,36.9235759393,33.1190719759,30.1635178946,1363.35046015,-833.194422401,-368.045308761,1096.87292854,576.83105194,909.83781178,2371.01554023,715.980042125,283.06561811,-0.665184530899,0.621998136001,0.413095459504,0.601114440638,0.117900453902,0.790418188193,-0.442934497537,-0.774091597798,0.452317619722,0,0,0
qwen,12,8,H08_D,True,USABLE,500,20.8247399748,90.5319992284,-4.96313614053,24.2080772361,21.5120242604,18.4506409279,586.031003469,-332.315491216,-193.264744295,462.767187779,303.369735952,340.426150651,1034.88903584,275.503271364,78.8320346986,-0.648453800372,0.614738524644,0.449003580276,0.731316044194,0.339271785476,0.591668402979,-0.211387114761,-0.712033146629,0.669570224708,0,0,0
qwen,12,8,H08_E,True,USABLE,500,-262.059172051,228.005613881,147.636427153,42.2276819683,49.1783181653,45.2853537556,1783.17712441,-1322.67523779,-925.840058468,2418.50697757,1845.362581,2050.76326477,4911.71474362,1013.02374064,327.708882487,-0.456700717478,0.672951711362,0.581859475158,0.853611731807,0.147286937424,0.499653449288,-0.250542343679,-0.724874163038,0.641705525755,0,0,0
qwen,12,8,H08_F,True,USABLE,500,-197.58169194,150.293148783,91.1265570461,45.3977543935,44.6363831548,38.8770207578,2060.95610397,-1229.76560617,-827.373245028,1992.40670114,1444.57911276,1511.42274301,4223.17532561,1079.34635725,262.263865258,-0.564100812137,0.644896380866,0.515653887498,0.811663252753,0.318398859231,0.489719236472,-0.151634553704,-0.694788330634,0.703047749258,0,0,0
qwen,12,8,H08_G,True,USABLE,500,102.405643811,-16.4229477181,32.8579240263,39.5896545007,32.2726719251,32.7030855474,1567.34074348,-855.211875378,-521.895308193,1041.52535318,608.038132499,1069.49180432,2601.25555181,745.293134612,331.809214574,-0.692420022706,0.557972583026,0.457406939986,0.597174842131,0.0874440161674,0.797330390718,-0.404890997779,-0.825239444421,0.393755176842,0.002,0.006,0.01
qwen,12,8,H08_H,True,USABLE,500,-424.329112477,239.501160293,107.817040134,61.1285661812,64.0606780715,60.3310929293,3736.70160337,-2530.97403517,-1942.96106228,4103.77047499,3143.97762214,3639.84077404,8960.26851296,1860.70235639,659.341983045,-0.520302970965,0.638374869236,0.567240993523,0.831280504345,0.226466717562,0.507627372127,-0.195595351432,-0.735656409042,0.648499889232,0,0,0
qwen,12,9,H09_A,False,USABLE,500,48.9983704861,44.2749703936,112.593848436,23.228143319,20.9662389281,20.3529692919,539.546642046,-301.52605163,-138.538260336,439.583174789,214.844031223,414.243358997,916.218720858,325.709626321,151.444828653,-0.65390223982,0.613338992585,0.44297532768,0.592097068962,0.0503677282476,0.804291087156,-0.470991424216,-0.7882121365,0.396091790105,0,0,0
qwen,12,9,H09_B,False,USABLE,500,36.3027535505,18.1495013507,-28.252025693,26.730746336,22.2276117376,20.7663798625,714.53279968,-402.819226157,-152.820089144,494.066723557,216.799600645,431.242532595,1116.3105392,368.245985521,155.285531108,-0.726342608876,0.591928873358,0.349351718784,0.495261865759,0.0982913393416,0.863165393731,-0.476594270692,-0.799974388025,0.364552986063,0.042,0.118,0.216
qwen,12,9,H09_C,False,USABLE,500,-230.526072591,180.515169173,126.756037547,40.0932784966,44.4372736966,40.4214690356,1607.4709806,-1117.77944954,-690.542491219,1974.67129359,1395.02376383,1633.89515899,3934.41415803,954.460683825,327.162591324,-0.488230544062,0.673524658758,0.554973395659,0.818692514262,0.133210673081,0.558567349268,-0.302280503731,-0.72706220547,0.616447115689,0,0,0
qwen,12,9,H09_D,False,USABLE,500,5.14407258617,130.889448523,-19.6901276234,24.1832536024,22.2660566583,19.455984653,584.829754799,-345.752124385,-202.90799587,495.77727911,329.021588818,378.535338816,1086.03047469,286.516700229,86.5951978109,-0.622202828729,0.626291897875,0.469704267149,0.746192098009,0.292991351116,0.597790449104,-0.236772027044,-0.722436520967,0.649634112699,0,0,0
qwen,12,9,H09_E,False,USABLE,500,165.472288223,-56.3470071354,-15.7594649543,26.9342324721,22.4984634555,22.2919057833,725.452878859,-414.092284595,-174.641147908,506.18085786,253.32468131,496.929063454,1172.8262986,403.937810665,151.798690903,-0.701574815124,0.588487648027,0.401839603453,0.531013548817,0.0556986824705,0.845530760968,-0.47520247238,-0.806585361193,0.351571707271,0,0,0
qwen,12,9,H09_F,False,USABLE,500,-281.114980226,261.086718926,63.345655641,45.9349729497,43.3031063168,42.1905893657,2110.02173989,-1323.5090335,-809.377286432,1875.15901669,1241.4565376,1780.04583103,4189.98543065,1131.32841769,443.912739262,-0.593603140011,0.616687254041,0.517041722564,0.709589098461,0.0980075724277,0.697766312667,-0.379629587248,-0.781083443974,0.495772155365,0,0,0
qwen,12,9,H09_G,False,USABLE,500,-273.136041811,191.048343308,129.892195511,47.7943150468,50.1973121928,44.8096796721,2284.29655079,-1502.45332798,-1052.6863503,2519.77015138,1914.28781131,2007.90739231,5300.81562389,1213.0303051,298.128165497,-0.518284420767,0.65691766575,0.547576880096,0.837914068484,0.261949093909,0.478834716826,-0.17111771687,-0.706994945262,0.686204688374,0,0,0
qwen,12,9,H09_H,False,USABLE,500,-140.549562519,162.935734073,107.886667303,40.5874260441,41.2742488025,36.31113332,1647.33915289,-1023.50614898,-697.14635285,1703.56361421,1261.87916917,1318.49840298,3575.36799205,881.99163195,212.041546072,-0.539034366763,0.653218355901,0.531740285255,0.826871613009,0.290173172232,0.481749795762,-0.160391044167,-0.699360643467,0.696541027736,0,0,0
qwen,12,9,H09_I,False,USABLE,500,-328.793855491,208.704913399,43.1763638629,50.6709597635,52.416611183,48.7373868333,2567.54616335,-1654.03985656,-1259.51157262,2747.50112791,1987.56045309,2375.33287534,5862.00957569,1297.50229862,530.868292296,-0.532840236,0.63784981322,0.556083535698,0.826008759588,0.249296375793,0.505530262299,-0.183822773297,-0.728696735818,0.659704672733,0,0,0
qwen,12,10,H10_A,True,USABLE,500,134.652032212,-29.9364147728,60.1376661957,23.939040617,22.3215258122,21.3884173351,573.077665661,-372.819587902,-199.780619673,498.250514586,295.238559589,457.464396101,1099.35949012,307.702240826,121.730845406,-0.62122620358,0.62041694466,0.478707445904,0.63105055512,0.0338907100071,0.775001043004,-0.464600043981,-0.783539555195,0.412568254448,0,0,0
qwen,12,10,H10_B,True,USABLE,500,-156.498965553,230.275311713,137.558691257,30.9642197105,39.981695536,38.4441322547,958.782902277,-802.463086558,-589.874145079,1598.53597793,1272.81455719,1477.95130482,3241.04865029,574.653055019,219.568479716,-0.397949648808,0.67547609499,0.620780252675,0.856884086821,0.0319697729466,0.514516856256,-0.327697633142,-0.736688522182,0.591527076741,0,0,0
qwen,12,10,H10_C,True,USABLE,500,33.7735627311,55.7115565963,-60.889957174,23.0088607593,18.6266812191,16.0742117465,529.407673441,-279.729904729,-150.588333913,346.953253237,184.468402334,258.38028327,826.589632811,211.472704149,96.6788729883,-0.728845169479,0.570607229482,0.378407331574,0.626028551963,0.331577226363,0.705793734093,-0.277259753759,-0.75130814758,0.598884877356,0,0,0
qwen,12,10,H10_D,True,USABLE,500,-152.357053507,121.153422571,67.8855723032,46.1834085183,41.1071944885,37.1134360269,2132.90722236,-1227.89950177,-522.132513108,1689.80143871,872.057049375,1377.40713372,3583.98993918,1149.19585564,466.929999989,-0.67121024142,0.621268172988,0.404354632773,0.61929801,0.170212900395,0.766483883294,-0.407365666966,-0.764887851761,0.498998785174,0,0,0
qwen,12,10,H10_E,True,USABLE,500,64.492226151,-5.77678393861,-38.8232312696,31.7264418058,26.2261709704,26.1972494533,1006.56710965,-557.697199298,-274.944988177,687.812043769,361.374981229,686.295878919,1631.71187427,530.580617893,218.382540174,-0.699641071342,0.575496117912,0.423446088138,0.555572219125,0.0655337861446,0.828881675639,-0.449268161155,-0.815174546427,0.365579783674,0.02,0.064,0.114
qwen,12,10,H10_F,True,USABLE,500,-113.13303798,128.662560167,7.96426868749,32.6882814931,26.6892726077,25.6894942975,1068.52374697,-595.510592477,-283.193135374,712.317272326,363.874457883,659.950117262,1703.26465449,520.52224407,217.004237999,-0.716113629449,0.575416627131,0.395065785584,0.542530617493,0.102772714808,0.833725553269,-0.439137562503,-0.811377516519,0.385778079843,0,0,0
qwen,12,10,H10_G,True,USABLE,500,-161.896429108,123.473817646,64.7395668154,44.6431354617,41.4032691059,35.4401602224,1993.00954385,-1130.22953103,-723.95308336,1714.23069266,1205.96030903,1256.00495659,3735.65810372,995.4544642,232.132625176,-0.608786381004,0.628896875442,0.483598865139,0.77831213395,0.3553994118,0.51761132159,-0.153653390623,-0.691505587939,0.705840390881,0,0,0
qwen,12,10,H10_H,True,USABLE,500,-24.2166813007,96.4968388887,171.401754445,32.833600576,41.7841147176,41.716387397,1078.04532678,-950.581459938,-767.210254179,1745.91224273,1464.79605384,1740.25697746,3759.24851508,573.712992954,231.253038944,-0.413251171346,0.655210117528,0.632394790673,0.84459989604,0.016183675344,0.535153346493,-0.34040341507,-0.755273321746,0.560078319941,0,0,0
qwen,12,10,H10_I,True,USABLE,500,-397.68670278,318.000184154,207.288925724,62.3704723059,70.6643093601,66.7794872902,3890.07581566,-2955.51110805,-2259.37971749,4993.44461734,3996.30524796,4459.49992274,10737.0796394,1971.76493521,634.175781131,-0.476251445111,0.654011817951,0.587752586562,0.84911880908,0.168415396392,0.500633101507,-0.228433379997,-0.737499014398,0.635541811894,0,0,0
qwen,12,10,H10_J,True,USABLE,500,-237.162979993,176.075377457,123.854632018,42.9758366238,45.0128777589,41.9511745364,1846.92253351,-1158.31561119,-833.456149549,2026.15916414,1424.70583669,1759.90104498,4185.77688344,1021.95409252,425.251766676,-0.519357685285,0.646913214814,0.558364475262,0.82622275005,0.213268246096,0.521414060519,-0.218228233818,-0.732133831828,0.645256918024,0,0,0
llama,12,4,H04_A,True,USABLE,500,4.94752606725,15.1102280166,20.7817718133,3.52073715743,5.18083609313,3.28898113092,12.3955901317,3.75860805279,3.84833179793,26.8410626239,10.5635370123,10.8173968795,33.3260883447,11.6517668744,5.076194416,-0.236962105579,-0.863272881923,-0.445655575368,-0.933747157966,0.329039005988,-0.140888528732,-0.268263313761,-0.382744384511,0.884048375721,0,0,0
llama,12,4,H04_B,True,USABLE,500,-1.33562027006,-3.75862834487,-1.23253529581,1.34795066325,1.85629487966,1.56431668071,1.81697099055,0.349206703889,0.614511768981,3.44583068024,1.25849427683,2.44708667756,4.45483493023,1.93320709279,1.32184632532,-0.236537720084,-0.789038672455,-0.566981375662,0.723291401296,-0.532633285957,0.439489853696,0.648767643913,0.306136825717,-0.696692750178,0.008,0.028,0.044
llama,12,4,H04_C,True,USABLE,500,6.05795223246,12.0773761995,19.6549185474,3.18603431738,4.49992094123,3.10317162823,10.1508146715,4.8352656901,3.09833131767,20.2492884774,8.89889523437,9.62967415428,27.2282520789,8.24815085331,4.55337437096,-0.318396563024,-0.822203269022,-0.471810780996,-0.944887681139,0.315287509145,0.0882102976322,-0.0762292508535,-0.473894050381,0.877276199567,0,0,0
llama,12,4,H04_D,True,USABLE,500,-0.833274872582,-5.42144913611,5.47739959868,1.48283017172,2.15848201547,1.91306510823,2.19878531818,0.487529543589,0.891004758259,4.65904461111,1.75778182874,3.65981810834,6.20341791997,2.59852217878,1.71570793887,-0.227659197012,-0.761951057531,-0.606301802688,0.532667667033,-0.618679245939,0.577495581924,0.815129711465,0.191485186297,-0.546714712547,0,0,0
llama,12,5,H05_A,True,USABLE,500,-0.294471743272,-5.30463148683,-0.664649838085,1.12923708167,1.61967266031,1.24204880839,1.27517638663,0.427042859603,0.413935488112,2.62333952657,0.957889179616,1.54268524243,3.3446220059,1.20005281701,0.896526332708,-0.269795580071,-0.823186912623,-0.499573469933,0.812660373156,-0.472951451338,0.340440953146,0.516520534805,0.31413409806,-0.796571594749,0,0.004,0.006
llama,12,5,H05_B,True,USABLE,500,4.88827795493,15.0819160103,20.7710279259,3.4557291907,5.1446518595,3.21030975664,11.9420642394,3.51153545566,3.69589733367,26.4674427554,10.2366079838,10.3060887336,32.5402961544,11.3449661722,4.83033340184,-0.226898095403,-0.869786487768,-0.438165174334,-0.934169828439,0.321587062366,-0.154623714069,-0.275397868431,-0.374236859509,0.885495786014,0,0,0
llama,12,5,H05_C,True,USABLE,500,6.32312736523,11.444167087,19.0459311271,3.12092800024,4.36652744721,2.95321389898,9.74019158267,4.66211650437,2.91267021632,19.0665619473,8.25663102633,8.72147233311,25.5443097501,7.85370198236,4.13021413058,-0.328186140848,-0.824274007481,-0.461374270572,-0.941922838745,0.322397292329,0.0940284624483,-0.0712405980231,-0.465437800882,0.882208836219,0,0,0
llama,12,5,H05_D,True,USABLE,500,0.96227594361,-6.08834840087,6.42006624172,1.48487902663,2.16089729385,1.74570701058,2.20486572372,0.608096728781,0.806872339506,4.66947711458,1.55612996233,3.0474929668,5.85686621385,2.40162037846,1.66334921279,-0.251194787525,-0.814339797462,-0.523213028306,0.612437511223,-0.552301538756,0.565582270881,0.749547512548,0.178363966533,-0.637467506526,0,0,0
llama,12,5,H05_E,True,USABLE,500,0.0101749673126,7.53241252422,10.5078985827,2.87437482889,3.75687101571,3.26620987326,8.26203065694,1.60735864025,2.87805708781,14.1140798287,6.67810868186,10.6681269362,20.0744214515,8.08409097679,4.88572499355,-0.250934462633,-0.75141360061,-0.610253632747,-0.869830900162,0.451667032064,-0.198471905495,-0.424765936237,-0.481014025746,0.766941592592,0,0,0
llama,12,6,H06_A,True,USABLE,500,0.00709862218674,-4.9188304912,0.0569809440533,1.1855722803,1.61001125801,1.16434342242,1.40558163181,0.510656424909,0.417527522248,2.59213625092,0.911377827493,1.35569560533,3.2971264368,1.22683575454,0.829451296719,-0.324536706194,-0.827463112568,-0.458236536815,-0.892056744816,0.428837458616,-0.142594523444,-0.314500700097,-0.362495836427,0.877317546964,0.002,0.008,0.012
llama,12,6,H06_B,True,USABLE,500,3.26099493911,13.8841481904,19.4076931268,3.46504631098,5.02188834218,3.33070574343,12.0065459373,3.19125508629,3.86084659404,25.2193625213,9.98485612846,11.0936007493,31.4857540285,11.5614125438,5.27234263553,-0.231902589713,-0.855574763265,-0.462831517238,-0.9201217034,0.347304090387,-0.180985965571,-0.315590303744,-0.383890209911,0.867773626539,0,0,0
llama,12,6,H06_C,True,USABLE,500,6.89332347333,12.1526545828,20.9301032109,3.17148557101,4.54296189315,2.88604876177,10.0583207271,4.50783999228,3.05305583307,20.6385027626,8.63446096175,8.32927745532,26.831344412,8.40050261023,3.7942539228,-0.30703448936,-0.841990666868,-0.443600652897,-0.942568718941,0.333443278968,0.0194881960372,-0.131506777077,-0.424107647442,0.896012651118,0,0,0
llama,12,6,H06_D,True,USABLE,500,-0.487906046809,-6.41647231872,0.991042564768,1.32114740916,1.95371756491,1.60129357779,1.74543047673,0.519274255,0.659610010648,3.81701232345,1.44827566843,2.56414112227,4.96661484922,1.84020756462,1.3197615086,-0.241395285996,-0.800369063972,-0.548760127319,0.639978950635,-0.556383622334,0.529966232455,0.729489724837,0.22326358018,-0.646527737318,0,0,0.002
llama,12,6,H06_E,True,USABLE,500,0.0879990056868,7.26769899013,8.62735279503,2.68134260031,3.51683321465,3.07072103818,7.18959814026,1.29457354491,2.4462866974,12.3681158597,5.73916767255,9.42932769433,17.4496035311,7.13336165588,4.40407650724,-0.241004610264,-0.752976430254,-0.612326116799,0.861960986539,-0.456021911235,0.221511340925,0.446026944832,0.474415969331,-0.758939689651,0,0.002,0.002
llama,12,6,H06_F,True,USABLE,500,5.32183461305,12.3570730796,19.9530109303,3.26951117675,4.63530991995,3.33997389182,10.6897033349,5.07593003327,3.27137603471,21.486098054,9.56985164951,11.155425598,29.1670710706,8.73041817047,5.43373774581,-0.310510121896,-0.814920200293,-0.48937565464,-0.94878999445,0.297192470899,0.107117606735,-0.058146458465,-0.497575825775,0.865469402678,0,0,0
llama,12,7,H07_A,True,USABLE,500,1.62677364145,0.75882509814,10.0779328224,2.809999914,3.3592339031,2.76891467232,7.89609951668,2.30958565866,2.49232162121,11.2844524157,4.76176417186,7.66688846259,15.9440734272,6.72717388784,4.17619307992,-0.382804525253,-0.746255168077,-0.544576826137,-0.884436725333,0.466338013411,-0.0173359778969,-0.266893938349,-0.475007454012,0.838531778948,0,0,0
llama,12,7,H07_B,True,USABLE,500,-0.0470472267593,-4.96764176395,-0.357910968513,1.17040236911,1.61060527917,1.19695223427,1.36984170563,0.500670419856,0.415628712482,2.59404936527,0.944922467807,1.43269465113,3.33174583129,1.20337802805,0.861461862687,-0.310852422901,-0.822055957023,-0.477068941244,-0.88810253518,0.430029222644,-0.162322994914,-0.338592170882,-0.373227639913,0.86374560527,0.004,0.01,0.014
llama,12,7,H07_C,True,USABLE,500,2.89386736727,12.2827435995,18.9080156789,3.41775957206,4.9090474048,3.26198838679,11.6810804924,2.94560817595,3.76160142129,24.0987464226,9.38040505881,10.6405682355,29.9535138057,11.3369336044,5.12994774049,-0.232963935987,-0.856158793961,-0.461215702305,-0.915638893091,0.352881963112,-0.192560997008,-0.32761749341,-0.377447267355,0.866141061478,0,0,0
llama,12,7,H07_D,True,USABLE,500,7.04708803488,14.514361844,21.5892510194,3.22749418329,4.83039361028,2.98527213361,10.4167187032,4.43620616837,3.15604794081,23.3327024302,9.60329291155,8.9118497117,29.6386193903,9.04403265242,3.97861880232,-0.269837109733,-0.857355947368,-0.438324895168,-0.949813604276,0.311802505116,-0.0251657492519,-0.158246805159,-0.409536295481,0.898464229305,0,0,0
llama,12,7,H07_E,True,USABLE,500,-0.591286619224,-5.88397869128,2.54619040047,1.41970513147,2.08380522103,1.76102318846,2.01556266031,0.513305185672,0.794564870346,4.34224419919,1.60779382756,3.10120267029,5.65642228697,2.26852695638,1.53406028644,-0.235263872766,-0.787985342204,-0.568972767927,0.587300229439,-0.581697791106,0.562766488274,0.774421946146,0.201759213653,-0.599636447386,0,0,0
llama,12,7,H07_F,True,USABLE,500,6.25993500884,11.9043150789,20.169263175,3.23237190899,4.60335265331,3.25389972634,10.448228158,4.94635592371,3.19473078624,21.1908556508,9.29231615315,10.587863429,28.5040026917,8.5530213132,5.16992323293,-0.309785259661,-0.820335053762,-0.480711444077,-0.947781981379,0.306720344839,0.0873610086616,-0.0757786821582,-0.482672797691,0.872516224319,0,0,0
llama,12,7,H07_G,True,USABLE,500,-0.228065464911,7.99469185565,7.50224674077,2.5266745047,3.39060354152,2.94429637313,6.38408405269,1.2125356419,2.10436899446,11.4961923758,5.37433347499,8.66888113284,16.1592697428,6.32093881681,4.06894900171,-0.225429833497,-0.760480335197,-0.60897540997,0.86902730639,-0.439524829219,0.227177167095,0.440423581247,0.478003749231,-0.759960186328,0,0.002,0.004
llama,12,8,H08_A,True,USABLE,500,2.16139871017,0.184115328679,10.1296950245,2.95811952261,3.48746191706,2.99866478594,8.75047111005,1.89748243106,2.89836714523,12.1623906229,5.14738655407,8.99199049843,17.2258900866,7.95722234792,4.72173979687,-0.3621093357,-0.727773348268,-0.582428349714,-0.859314120441,0.502745187778,-0.0939495533669,-0.361187031066,-0.466468894695,0.807434640619,0,0,0
llama,12,8,H08_B,True,USABLE,500,-1.11061629392,-4.77623681119,-0.523221569223,1.22941379241,1.66916092452,1.37555708856,1.51145827298,0.352403600327,0.549959136257,2.78609819195,0.990822382468,1.89215730389,3.59801414307,1.56013559132,1.03156403443,-0.277683197979,-0.789127817966,-0.547877110739,0.73042066599,-0.543867882985,0.4131505495,0.624001355972,0.285455798275,-0.727418239376,0,0.004,0.01
llama,12,8,H08_C,True,USABLE,500,0.64809820226,4.02176379974,6.68860685129,2.36781147643,3.08898742958,2.00871477848,5.60653118792,1.06513656841,1.61883068396,9.54184334011,2.81791660066,4.03493506127,11.2030840388,5.53949017602,2.44073537448,-0.282744954349,-0.869236510421,-0.405565259534,0.891950209529,-0.393788374313,0.222161067645,0.352817395421,0.29892909729,-0.886657363519,0,0,0
llama,12,8,H08_D,True,USABLE,500,5.50594377018,2.9843211042,8.05698710848,1.75437531595,2.21413863828,1.39351839014,3.07783274922,1.069844006,0.775355912732,4.90240990952,1.77337400061,1.94189350365,6.26280564454,2.58489368171,1.07443683614,-0.378466267342,-0.830472480745,-0.408752667525,-0.913420847211,0.406535848625,0.0197726999222,-0.149751929414,-0.380846507805,0.912430982118,0,0,0
llama,12,8,H08_E,True,USABLE,500,5.91007132421,14.5274317672,22.6920222538,3.39023170546,5.02484617123,3.26846609431,11.4936710167,4.3672431591,3.73226180789,25.2490790445,10.6627929172,10.6828706096,32.3863703194,10.2740007929,4.76524955854,-0.259751456818,-0.848298147838,-0.46143193762,-0.939736283834,0.332056080746,-0.0814522933076,-0.222317110287,-0.412466982454,0.883428599752,0,0,0
llama,12,8,H08_F,True,USABLE,500,5.53503157602,12.9059099453,19.5717219881,3.32021486695,4.69036253613,3.21753010863,11.0238267627,5.1954050591,3.31854440081,21.9995007203,9.55258994079,10.3524999999,29.4231943825,8.99232526664,4.96030783387,-0.317311688435,-0.824637280901,-0.468280522049,-0.944965757007,0.316453747638,0.0830466356295,-0.0797057743546,-0.46886072618,0.879668465378,0,0,0
llama,12,8,H08_G,True,USABLE,500,1.35640217418,-5.79281433581,8.32397292536,1.79800672654,2.69238651243,2.4236444015,3.2328281887,0.78635903269,1.24213910926,7.2489451323,2.762351979,5.87405218494,9.70610178492,3.94484781186,2.70487590915,-0.210386111609,-0.759429157492,-0.61563385124,0.419356985637,-0.638954018544,0.644885633879,0.883106676817,0.122495375168,-0.45289897375,0,0,0
llama,12,8,H08_H,True,USABLE,500,-0.0624633148444,14.2780907579,16.8124920222,3.09001867152,4.70607979497,3.78070042901,9.54821539032,2.83888460925,3.31808492907,22.1471870367,10.4153470059,14.2936957339,30.2162622935,9.23904116646,6.53379470097,-0.200649319376,-0.800165488122,-0.565221233016,-0.872833624454,0.408007072667,-0.267753044195,-0.444861005997,-0.439619631353,0.780277684592,0,0,0
llama,12,9,H09_A,False,USABLE,500,3.08278408269,-0.891658981522,11.6717259615,2.89609466604,3.36410602853,2.81444079087,8.38736431465,2.24609328363,2.78955646551,11.3172093712,4.71185546796,7.92107696534,16.1669012287,7.17966578797,4.27908363451,-0.408038327165,-0.726354447949,-0.553094873877,-0.856735565643,0.513966639468,-0.0429239336114,-0.315450303736,-0.456341439559,0.832011776608,0,0,0
llama,12,9,H09_B,False,USABLE,500,-1.24768611266,-4.24176088386,-0.00569580292289,1.32714973654,1.83117898078,1.43374481745,1.7613264232,0.432301778099,0.612080248463,3.35321645967,1.09573798336,2.05562420156,4.17187965831,1.8128443637,1.18544306241,-0.274760487772,-0.819097016373,-0.503573978803,0.747353852313,-0.511445737521,0.424129080592,0.604953629456,0.259814039922,-0.752680390915,0.006,0.014,0.018
llama,12,9,H09_C,False,USABLE,500,4.01729006666,12.0059840978,20.5937227932,3.37587403642,4.81933979172,3.14517412004,11.3965255098,3.83091353951,3.63869753146,23.2260360281,9.3660450034,9.89212024535,29.4851912194,10.3556893356,4.67380122828,-0.271217621615,-0.847831526004,-0.45565634555,-0.92842398208,0.355320559083,-0.108518246351,-0.253909257854,-0.393610218118,0.883516318451,0,0,0
llama,12,9,H09_D,False,USABLE,500,5.40583667045,3.1092793864,5.9932224761,1.61226089708,2.10539942709,1.33552617655,2.59938520027,0.944723647418,0.648897227656,4.43270674757,1.61446092834,1.78363016826,5.6211329033,2.20032976832,0.994259444484,-0.351371104969,-0.840260448665,-0.412917334344,-0.925869240847,0.377311075661,0.020062428487,-0.138940618419,-0.389356816547,0.910547513292,0,0,0
llama,12,9,H09_E,False,USABLE,500,0.49119617291,-8.45589534633,2.86927203097,1.37861043288,1.95672491831,1.61448181407,1.90056672563,0.577355227643,0.744863275557,3.82877240592,1.41419342208,2.60655152797,5.01573209294,1.95391153776,1.36624702882,-0.277368401423,-0.788664320796,-0.548703343343,0.656855233595,-0.57244991029,0.490756866796,0.7011476107,0.224298215135,-0.676817803176,0,0,0
llama,12,9,H09_F,False,USABLE,500,0.289310848189,9.17932030611,8.44588307106,2.87657133362,3.83422168545,2.76768760371,8.27466263743,1.76120118135,2.45820520616,14.7012559332,5.5076222856,7.66009467173,18.4559723757,8.01763754033,4.16240332632,-0.261485289225,-0.834384492379,-0.485209194467,-0.901756811369,0.390440282916,-0.185448210091,-0.3441803258,-0.389048717198,0.854506289607,0,0.002,0.002
llama,12,9,H09_G,False,USABLE,500,5.22315271407,15.6044687759,21.9809317557,3.43116579105,5.0671083821,3.32154191148,11.7728986857,5.15602928059,3.59686765497,25.6755873559,10.8480049156,11.0326406697,33.2563973996,10.0694504716,5.15527884007,-0.279207016923,-0.844330258119,-0.457329046668,-0.949133523333,0.314868409271,-0.00185465053532,-0.145564407003,-0.433548497943,0.889295622021,0,0,0
llama,12,9,H09_H,False,USABLE,500,7.30602313078,11.4177647331,20.3728448466,3.17131614498,4.48626548553,3.02205486293,10.0572460914,4.68937941942,3.06015073755,20.1265780067,8.58622062514,9.13281559456,26.6985487409,8.22881374095,4.38927721083,-0.318192744216,-0.828673554087,-0.460492690805,-0.942299107687,0.329763794884,0.0576908245486,-0.104046956619,-0.452278653421,0.885786797417,0,0,0
llama,12,9,H09_I,False,USABLE,500,-0.571591196992,9.39378334448,11.0990615766,2.70819487259,3.84897372534,3.4212105974,7.33431946791,1.84099333445,2.53746003582,14.8145987383,7.45752234669,11.7046819518,21.5259908653,7.11145915668,5.21615013604,-0.209311849811,-0.751979696083,-0.625072064811,-0.860564550766,0.445206203653,-0.247426939103,-0.464345995453,-0.486125470334,0.740314003379,0,0,0
llama,12,10,H10_A,True,USABLE,500,0.626280275252,-6.6934560717,5.59265744895,2.28228879886,2.53741031808,2.19373447581,5.20884216138,0.497208919627,1.79505993874,6.43845112228,2.30481904099,4.81247095035,8.70994343711,5.18179327474,2.56802752216,-0.404231944403,-0.693545871457,-0.596314228666,0.791440201054,-0.592030747124,0.152059207602,0.458496393967,0.410479863873,-0.788217824002,0,0,0
llama,12,10,H10_B,True,USABLE,500,7.43717412539,10.9528267818,19.6873754218,3.05794914968,4.32036456621,2.74262631274,9.351053002,3.87172549501,2.94779981394,18.665549985,7.99543375307,7.52199909132,24.3737302922,7.95235101416,3.2125207719,-0.304716439529,-0.838757621495,-0.451257735519,-0.938377582267,0.3455061008,-0.00854677762461,-0.163080975527,-0.420845799188,0.892352737838,0,0,0
llama,12,10,H10_C,True,USABLE,500,1.68737900207,-1.2850623306,1.92544987206,1.17963927844,1.63327808224,1.24349504303,1.39154882723,0.600444716452,0.341605407869,2.66759729393,1.06355644615,1.54627992205,3.53204298075,1.16980732941,0.90357573305,-0.307061475793,-0.815948755466,-0.48983760425,-0.949741868364,0.229812414274,0.212547965695,0.0608574856504,-0.530484573479,0.845507234588,0.024,0.05,0.074
llama,12,10,H10_D,True,USABLE,500,1.38547882289,6.7699397889,13.9282358309,3.36622055319,4.47436535565,3.06348248543,11.3314408127,3.06593177339,3.53065496079,20.0199453359,7.07758420517,9.38492493852,24.9434192354,10.5713308878,5.22156096399,-0.305821545609,-0.838566719455,-0.450864768266,-0.892915066812,0.416960328227,-0.169843363561,-0.330417713964,-0.350642184724,0.876284310364,0,0,0
llama,12,10,H10_E,True,USABLE,500,-0.955466001844,-4.88752362625,-0.0997941476261,1.3813634334,2.08792804637,1.6386386166,1.90816493514,0.613220852621,0.651757961014,4.35944352683,1.62851929043,2.68513651581,5.55822817871,1.92783747699,1.46667932208,-0.230930486585,-0.823048524134,-0.518904844154,0.695837139567,-0.512471720496,0.5031733408,0.680060133786,0.244875198036,-0.691053074533,0.008,0.012,0.016
llama,12,10,H10_F,True,USABLE,500,-1.115313959,1.21758679724,2.24245773903,1.78192075169,2.27761511006,1.83016046214,3.17524156532,0.596405821017,1.02080013488,5.18753058955,1.76648199791,3.34948731719,6.58377610473,3.17714551678,1.95133785055,-0.297359910989,-0.79532521517,-0.528237527493,-0.815038994749,0.499614919858,-0.293421827568,0.49728112811,0.343282294869,-0.796786511968,0.002,0.032,0.086
llama,12,10,H10_G,True,USABLE,500,5.39392366405,11.9185288128,17.6669210896,3.17914989711,4.40158673403,2.94242939265,10.1069940683,4.73335278513,2.90467934301,19.3739657772,8.12465078495,8.65789073074,25.7181711362,8.16014324556,4.26053619453,-0.334773250365,-0.827354699704,-0.451011165846,-0.939446151917,0.330261090662,0.0914797225796,-0.0732652611291,-0.454325668296,0.887817767697,0,0,0
llama,12,10,H10_H,True,USABLE,500,7.62823526482,5.12867499294,22.6380489128,2.30049448376,3.57145027691,2.41803671323,5.2922748698,2.25045424646,1.77953747597,12.7552570804,5.40109987399,5.84690154653,16.4315984519,4.69396326908,2.76887177583,-0.246458922507,-0.84585844843,-0.473055477441,-0.937922893588,0.33108653141,-0.103355475917,-0.244046399687,-0.418216682999,0.874949233305,0,0,0
llama,12,10,H10_I,True,USABLE,500,6.92640634129,19.8709647021,27.4517104389,3.69511516139,5.96870475833,3.97391231678,13.653876056,4.74476326793,4.59235361042,35.6254364921,15.1229106829,15.7919791015,45.082421461,12.943528633,7.04534155555,-0.198765196884,-0.857775039824,-0.474040480932,-0.930404503842,0.317145633935,-0.183755560748,-0.307960802275,-0.404525188252,0.861115274706,0,0,0
llama,12,10,H10_J,True,USABLE,500,2.22409104951,8.99092733474,16.9007555712,3.29891166992,4.45913544086,3.73017256551,10.8828182059,3.1894387795,3.77917023663,19.88388888,9.45592155721,13.9141873685,28.1572525686,9.96495573284,6.55868615294,-0.268957312737,-0.768001124916,-0.58123681581,-0.900433054051,0.414705538075,-0.131299778605,-0.341880504119,-0.48805080557,0.803071685521,0,0,0
gemma,12,4,H04_A,True,USABLE,500,7068.07293193,-6723.25208996,-4480.29841966,5667.2119406,11550.2515489,9702.33404306,32117291.1797,-44835437.3885,-18892728.0404,133408310.842,80003613.3075,94135285.8831,208693406.038,39166385.7245,11801096.1428,-0.258123635736,0.771576901601,0.581413169433,-0.512857352304,0.400579208332,-0.759284949173,0.81874875564,0.49417141031,-0.292309925199,0,0,0
gemma,12,4,H04_B,True,USABLE,500,5122.40245042,-9218.07382822,3312.55052519,1239.67904239,2751.01404865,2375.11216972,1536804.12814,-2469008.22231,-1605884.25815,7568078.29586,5374463.63302,5641157.81876,12823071.5725,1348536.74748,574431.922773,-0.251020121696,0.74724473546,0.615316344518,0.496168944561,-0.446483608162,0.744626595077,0.831146964716,0.492217119745,-0.258683262066,0,0,0
gemma,12,4,H04_C,True,USABLE,500,7778.81533773,1086.71178171,10227.8037632,6128.02911915,12902.6852313,10447.5298008,37552740.8851,-56293837.3996,-23188605.5965,166479286.178,98294886.1674,109150878.938,256175180.71,44721079.9577,12286645.3335,-0.261464212423,0.782843295642,0.564617428079,0.514718260035,-0.38176361285,0.76767288391,-0.816517959636,-0.491337886157,0.303126216647,0,0,0
gemma,12,4,H04_D,True,USABLE,500,6081.80819451,-13326.4202317,3558.51416248,1541.49350411,3202.46715326,2777.89976733,2376202.22321,-3385938.83331,-1848773.50456,10255795.8677,6627567.54036,7716727.11732,16735964.6093,2634458.14142,978302.457518,-0.255639247697,0.753307436719,0.605950889777,-0.471455428505,0.450059265211,-0.758403874417,0.844025090841,0.479556632299,-0.240098068397,0,0,0
gemma,12,5,H05_A,True,USABLE,500,4339.24180518,-6808.88464846,3089.0161983,1091.07482302,2027.61858456,1886.00036706,1190444.26944,-1639022.25638,-1343914.52793,4111237.12443,3218575.99196,3556997.38455,7747792.52653,677506.105304,433380.146592,-0.307212226375,0.704598803105,0.639657075806,-0.522839777606,0.436658527073,-0.732098284172,-0.795147291336,-0.559347707064,0.234245443249,0,0,0
gemma,12,5,H05_B,True,USABLE,500,6206.0874979,-6448.40007584,-6091.24680732,5476.42453203,11126.2102996,9340.72754704,29991225.655,-41579099.3376,-17544403.359,123792555.631,74196234.1753,87249191.108,193587225.487,36339251.4369,11106495.4701,-0.258452860602,0.771708190458,0.581092580943,-0.515117200893,0.398780759922,-0.758701637576,0.817224808844,0.49541939233,-0.29445413482,0,0,0
gemma,12,5,H05_C,True,USABLE,500,7721.3788397,1625.50189058,10226.4301253,5980.89462673,12543.3605132,10148.7978917,35771100.536,-53246269.9351,-22173793.3271,157335892.964,93323999.8967,102998098.647,242547040.842,41810432.4524,11747618.8531,-0.262061261247,0.782439361104,0.56490047048,0.521408333374,-0.377769039831,0.765129990547,-0.812069729298,-0.495054743175,0.308971772201,0,0,0
gemma,12,5,H05_D,True,USABLE,500,6495.76384225,-10871.1796469,3154.92905627,1604.57264105,3118.57846397,2725.51867884,2574653.3604,-3431549.11894,-2175449.34033,9725531.63593,6692050.08985,7428452.06868,16529960.2615,2158194.35728,1040482.44626,-0.277537057051,0.741152171101,0.611282783363,-0.552400546172,0.397468764337,-0.73271564605,-0.786019604433,-0.541028687455,0.299100552989,0,0,0
gemma,12,5,H05_E,True,USABLE,500,9906.43628267,-13857.1610861,5913.80535452,4431.52962613,9574.12448721,8030.25745982,19638454.8273,-30212067.2112,-11411752.4326,91663859.6966,52517201.0488,64485034.871,140274400.428,28730685.7683,6782263.19838,-0.249390478591,0.777995187751,0.576652301672,-0.455485116715,0.431252593295,-0.778816094612,0.854597974277,0.456885859501,-0.246814938261,0,0,0
gemma,12,6,H06_A,True,USABLE,500,3667.56040228,-5496.27992061,2872.92626736,1147.88092855,2079.18425239,1955.19649163,1317630.62614,-1761134.88484,-1433244.98837,4323007.15537,3405646.33604,3822793.32089,8230634.53104,763843.395428,468953.17594,-0.31156325688,0.700238495621,0.642335104298,-0.568296854726,0.404450051421,-0.716560423701,-0.761555659076,-0.588290918812,0.271931559353,0,0,0
gemma,12,6,H06_B,True,USABLE,500,6349.90975651,-9311.41508583,-5875.46776924,5272.06499537,10774.4339973,9149.12866986,27794669.3154,-38867207.3696,-16244088.8009,116088427.963,69738331.1381,83706555.4177,182192744.442,35090962.3795,10305945.8747,-0.25521547023,0.768735884663,0.58643857597,-0.503883789858,0.411903782822,-0.759234087759,0.825206755955,0.489265176901,-0.282229333342,0,0,0
gemma,12,6,H06_C,True,USABLE,500,7915.12406875,333.587654598,7940.76381729,6074.809133,12512.6475866,10167.4300934,36903306.0024,-53026456.2162,-22024227.5778,156566349.627,92765829.8462,103376634.704,241647549.981,42588653.7561,12610086.5954,-0.263217039012,0.781221822645,0.566047042389,0.530119232266,-0.373093218034,0.76142960951,-0.806033739961,-0.500493670769,0.315936220723,0,0,0
gemma,12,6,H06_D,True,USABLE,500,5879.07387439,-11033.8253067,2675.50042175,1306.45703124,2505.09776375,2255.23120021,1706829.97448,-2305132.13453,-1655000.26774,6275514.80594,4585516.25684,5086067.76639,11149952.3383,1242952.50789,675507.700616,-0.286724696071,0.72485844694,0.626393790329,-0.547680287596,0.41244136474,-0.727968696601,-0.786024968586,-0.551790134518,0.278733557734,0,0,0
gemma,12,6,H06_E,True,USABLE,500,9358.10227604,-12595.4148667,4769.63496273,3869.75663009,8443.51756576,7100.20743812,14975016.3761,-23319916.3537,-8941545.82799,71292988.8833,41055093.1256,50412945.6643,109306600.371,22183553.1934,5190797.35963,-0.246962986098,0.776944915612,0.579107832448,-0.449547850548,0.437557454777,-0.778749127664,0.858438124483,0.452658891301,-0.241213421187,0,0,0
gemma,12,6,H06_F,True,USABLE,500,7636.28900682,161.183992857,10720.0038094,6269.17078045,13392.4230932,10826.9423037,39302502.2744,-60444767.2135,-24821919.9382,179356996.307,105621655.833,117222679.647,275419448.13,47870748.6345,12591981.4631,-0.259933957955,0.783751108955,0.564064301932,-0.503747907504,0.388295173427,-0.771663724674,0.823815745896,0.484727817961,-0.293881879856,0,0,0
gemma,12,7,H07_A,True,USABLE,500,19019.5503428,-22930.6764507,20009.3344513,6346.81457616,13214.3767617,10981.3682616,40282055.2642,-58203567.4578,-26298588.5408,174619753.201,106464289.276,120590448.896,274003899.706,46807246.1147,14681111.5399,-0.257685705067,0.772557233718,0.580304573508,-0.510774677286,0.400895222308,-0.760521038351,0.820187360575,0.492380281247,-0.291297703719,0,0,0
gemma,12,7,H07_B,True,USABLE,500,3613.55362537,-5266.00536005,2411.72815095,1057.86319667,1971.42048932,1841.45781842,1119074.54288,-1557079.29215,-1259575.7017,3886498.74573,3051153.67282,3390966.89701,7342041.7872,660341.27189,394157.12653,-0.305881801794,0.703886134689,0.641077711922,-0.530271610659,0.433286337955,-0.728748906188,-0.790726464879,-0.562856339339,0.240716428616,0,0,0
gemma,12,7,H07_C,True,USABLE,500,5673.02109272,-9741.81346645,-7090.56374499,4867.87787467,9930.41416321,8483.85026115,23696235.0027,-32778257.8239,-13771968.6777,98613125.4528,59631763.7069,71975715.2536,155325861.911,30005460.8545,8953752.94385,-0.252668405901,0.766660693531,0.590245760386,-0.506370579373,0.415046341452,-0.755860682132,0.824468018182,0.489865201296,-0.283345322096,0,0,0.002
gemma,12,7,H07_D,True,USABLE,500,4476.01991532,5150.25500553,4691.55896107,5727.1705636,11780.5283753,9543.39477956,32800482.6646,-47189956.9528,-19422263.717,138780848.801,81797997.2193,91076383.9186,213693185.603,37850522.6608,11114007.1206,-0.264631065481,0.782350188534,0.563824956598,0.5296346512,-0.370687091475,0.762940506502,-0.805889282365,-0.50051899336,0.316264449244,0,0,0
gemma,12,7,H07_E,True,USABLE,500,6382.1401387,-12900.8328207,2138.25391762,1448.40826694,2849.17231326,2520.21276011,2097886.50773,-2854885.48235,-1839168.31107,8117782.87063,5625417.43221,6351472.35622,13890529.7264,1822170.95761,854441.050607,-0.274746858652,0.737298556225,0.617175017842,0.51774084184,-0.427434614166,0.741110026449,0.810221318129,0.523154364983,-0.264293257666,0,0,0
gemma,12,7,H07_F,True,USABLE,500,6998.01234902,2358.64033143,7734.85451436,5907.97644446,12654.7029032,10175.0259973,34904185.6684,-53978223.6124,-22203351.9915,160141505.569,94267338.7491,103531154.047,245522186.908,42014395.1995,11040263.1765,-0.260449458953,0.785097439234,0.561950256018,-0.506879780356,0.384185936483,-0.771669653722,0.821729254437,0.485822166144,-0.297888998263,0,0,0
gemma,12,7,H07_G,True,USABLE,500,6696.4013729,-8851.05710328,3151.02243966,3320.792332,7329.24899148,6210.0827571,11027661.7123,-17486105.1003,-6639301.17609,53717890.7792,31085702.0121,38565127.8501,82617373.1365,16945270.7202,3748036.48484,-0.243365611377,0.774833185778,0.583443839127,-0.444579458653,0.445507739887,-0.777091988535,0.86204540724,0.448504613039,-0.236053654789,0,0,0
gemma,12,8,H08_A,True,USABLE,500,21486.5054509,-24801.4767476,19026.5275827,6138.61961332,12804.2303462,10674.6823888,37682650.7571,-54418267.0891,-24244154.2978,163948314.759,99433603.9533,113948844.102,256800679.079,44907717.4623,13871413.0764,-0.256137443474,0.772444728277,0.581139184539,-0.503674099468,0.406483325744,-0.762288467325,0.825049096464,0.487955374648,-0.284944803033,0,0,0
gemma,12,8,H08_B,True,USABLE,500,4735.58220239,-10213.4647749,2225.53958451,1176.93906579,2277.16165763,2010.62940277,1385185.56459,-1901455.51666,-1363596.72213,5185465.21497,3768491.39244,4042630.59528,9127733.66694,948462.620936,537085.086959,-0.288425495519,0.730661683108,0.618824885062,-0.569560918334,0.388595541383,-0.724288523673,-0.769682462995,-0.561361746163,0.304075477642,0,0,0
gemma,12,8,H08_C,True,USABLE,500,2604.12616753,-4854.39019472,-4786.93913198,2266.32554278,4638.31023964,3997.2599499,5136231.46586,-7185478.11294,-3860848.73856,21513921.8791,14281901.8392,15978087.1071,35413095.9838,5255660.75778,1959483.71045,-0.256077833301,0.753975887111,0.604933471505,0.546098716271,-0.403531111673,0.734124535756,-0.797621674341,-0.518346412708,0.308409891304,0,0.002,0.002
gemma,12,8,H08_D,True,USABLE,500,4306.49160734,3971.14751155,3497.20423837,2514.57280248,5087.86624687,4045.76206006,6323076.37896,-8995653.88961,-4439097.62395,25886382.9461,16085331.8524,16368190.6466,40736506.9052,5727444.47804,2113698.58841,-0.276178625701,0.778217672596,0.564005869442,-0.591286594759,0.325055858535,-0.738050710785,-0.757697518515,-0.537322940969,0.370376197324,0,0,0
gemma,12,8,H08_E,True,USABLE,500,8919.4766774,-6359.65765116,1409.31847875,6353.03971036,13042.3419744,10762.3973581,40361113.5615,-57437455.2788,-23390978.9118,170102684.178,100279565.815,115829196.895,263014927.02,49043310.8238,14234756.7909,-0.260753547804,0.778047226205,0.571533114615,-0.514416563861,0.388989797716,-0.764239841999,0.816935239865,0.493284351127,-0.298809910812,0,0,0
gemma,12,8,H08_F,True,USABLE,500,4747.65248869,3834.55435514,7065.36963504,5975.85309164,12728.3561589,10261.3197171,35710820.1728,-54748968.0438,-22431887.989,162011050.508,95400205.6666,105294682.336,248668174.415,42997524.6116,11350853.99,-0.260929468111,0.784370703483,0.562741869944,-0.509104228802,0.383473556385,-0.770558833425,0.820200400443,0.487555772267,-0.29926689099,0,0,0
gemma,12,8,H08_G,True,USABLE,500,10220.1428963,-11735.2404736,7136.87224747,1908.39355523,4311.10756526,3636.58656243,3641965.96166,-5944945.12217,-3132368.04326,18585648.4392,11877632.4584,13224761.8261,29753405.0965,4356938.43077,1342032.6997,-0.245561543285,0.764553053197,0.595951472274,-0.441139957964,0.45929250096,-0.771003201063,0.86318889355,0.452226743358,-0.224490326394,0,0,0
gemma,12,8,H08_H,True,USABLE,500,1268.96690988,-4256.725762,151.963545119,4306.7223424,9321.30777894,7859.70101506,18547857.3345,-29260111.1228,-11027749.4262,86886778.7098,49197495.6191,61774900.0462,132958473.276,28108887.1135,6142175.70082,-0.254193640447,0.77675702757,0.576224013103,-0.437861745123,0.438811000998,-0.784679550875,0.862358791521,0.45176700358,-0.228569221817,0,0,0
gemma,12,9,H09_A,False,USABLE,500,21945.4306258,-24420.6809643,20564.0906134,6309.62661583,12957.2625044,10782.4087246,39811388.0312,-56066625.2087,-25363095.0072,167890651.608,102172742.894,116260337.904,263520357.786,45569148.5666,14872871.1909,-0.259279168699,0.77202303777,0.580305731345,0.517574394154,-0.39621978321,0.758371037098,-0.815408522886,-0.496981199389,0.296847820034,0,0,0
gemma,12,9,H09_B,False,USABLE,500,4076.72473068,-10527.3358214,836.351008347,1296.36801836,2464.94994661,2190.83398876,1680570.03902,-2282274.57192,-1668345.58837,6075978.23928,4490345.54976,4799753.56629,10840304.9879,1087826.0158,628170.840836,-0.294127755386,0.726366854765,0.621192446678,-0.60624037381,0.360676702436,-0.708791171984,-0.738892057526,-0.585067097535,0.334267884648,0,0,0
gemma,12,9,H09_C,False,USABLE,500,8426.94751247,-11145.9556614,-1492.53993861,5965.16299721,12178.0497807,10195.8327708,35583169.5832,-49797110.6215,-20762303.8443,148304896.461,89123306.604,103955005.89,231832594.54,43167484.1734,12842993.2207,-0.257446787407,0.772647706103,0.580290163546,0.520825518586,-0.394880254261,0.756842364026,-0.813917643772,-0.497076560551,0.300753989345,0,0,0
gemma,12,9,H09_D,False,USABLE,500,3713.77417217,6207.72569906,2609.87753646,2037.09371577,4015.00546794,3262.92777904,4149750.80682,-5718171.18742,-2956913.92001,16120268.9076,10269945.0831,10646697.6913,25865193.3078,3642383.68975,1409140.40819,-0.280729498702,0.769405270278,0.573765177252,-0.603454555275,0.32336920599,-0.728886106559,-0.746346801612,-0.550861041176,0.373521840109,0,0,0
gemma,12,9,H09_E,False,USABLE,500,7469.66311627,-11814.9158107,3282.19769135,1378.94492344,2472.41368166,2286.44805057,1901489.10188,-2316477.34305,-1704537.19839,6112829.41326,4583871.94136,5227844.68794,11160283.7966,1324181.29718,757698.109254,-0.295452822404,0.713034373477,0.63583772456,-0.645073156086,0.342028825586,-0.683298548048,-0.7046901823,-0.612044332306,0.358905951834,0,0,0
gemma,12,9,H09_F,False,USABLE,500,1924.39942261,-3013.997551,-4150.66329049,2974.22219317,6458.03781251,5646.2040354,8845997.65434,-13354667.5207,-6008433.98832,41706252.3878,26248920.7532,31879620.0094,66942128.1317,12198369.1399,3291372.77987,-0.237065023213,0.757779820349,0.607922625538,-0.471181907342,0.45754908416,-0.754079866976,0.849580946681,0.465208103386,-0.24858325684,0,0.002,0.004
gemma,12,9,H09_G,False,USABLE,500,3426.25439747,3233.51220411,5852.90395491,6203.48686017,13015.9356624,10567.4761338,38483249.2244,-57374664.2618,-23393910.5781,169414581.168,99566614.7706,111671551.839,260468598.148,46398688.2273,12702095.856,-0.261792116647,0.782586277067,0.564821747641,-0.511045308614,0.384049709771,-0.768985378904,0.818717033049,0.489963814349,-0.299395859062,0,0,0
gemma,12,9,H09_H,False,USABLE,500,8372.49233809,1908.03156699,7681.33595012,5895.85749564,12438.3856558,10016.8611507,34761135.6089,-52132093.0004,-21602089.033,154713437.721,91288596.5329,100337507.313,237599423.677,40797470.121,11415186.8455,-0.26148059047,0.784212475924,0.562706578435,0.517910830482,-0.377960749718,0.767407351634,-0.814491419523,-0.492093958791,0.307322734669,0,0,0
gemma,12,9,H09_I,False,USABLE,500,5438.32399696,-6901.60862373,5043.89233343,3883.03313819,8545.08482261,7165.44487047,15077946.3523,-24421411.3499,-8875097.74468,73018474.6256,41323489.7728,51343600.1918,111315743.08,23393061.1757,4731216.91387,-0.250732794271,0.779410344503,0.574153795389,-0.442014215083,0.435489418292,-0.784201759894,0.861252866202,0.450409237736,-0.235318972929,0,0,0
gemma,12,10,H10_A,True,USABLE,500,20103.3472686,-25974.4132649,22512.4443253,4970.76794464,9830.56458549,8266.03143621,24708533.9595,-32845535.8013,-16297890.5638,96640000.0695,60179201.3858,68327275.7044,154268060.33,25606486.5762,9801262.82739,-0.267603067566,0.764685522528,0.586212120197,0.537239400649,-0.386633538306,0.749592111383,-0.799851501605,-0.515529396537,0.307354870933,0,0,0
gemma,12,10,H10_B,True,USABLE,500,13262.7203219,-5215.33684198,9801.5838549,6256.77372755,12500.8494107,10332.1380518,39147217.4777,-53521906.192,-22646052.0022,156271235.989,93657329.2477,106753076.722,243903348.783,44320533.0919,13947648.3143,-0.265988187127,0.775052111768,0.573188021815,0.542237117395,-0.371324482457,0.753722122036,-0.797012667922,-0.511285001513,0.321494096991,0,0,0
gemma,12,10,H10_C,True,USABLE,500,3181.71975688,-694.773688938,1538.84542683,1132.44933677,2365.55246478,2052.05981285,1282441.50036,-2010535.1305,-1311708.87809,5595838.46361,4017723.34702,4210949.4755,9658923.9503,1017085.01681,413220.47236,-0.273883993501,0.741361162244,0.612675432199,-0.539373011406,0.409026147152,-0.736053235516,-0.796281553642,-0.532053792452,0.28784448799,0,0,0
gemma,12,10,H10_D,True,USABLE,500,5431.93617712,-12935.8152776,-9430.36672124,4376.33826207,9091.76426262,7829.57312268,19152336.584,-26842707.1981,-11813624.3516,82660177.407,51771734.1742,61302215.2833,131962215.779,23913606.4814,7238907.01346,-0.244159874681,0.762327196477,0.599369002457,-0.518228409617,0.419843346429,-0.745097899558,0.819649480608,0.492533054699,-0.292550711788,0,0.002,0.002
gemma,12,10,H10_E,True,USABLE,500,3836.73921938,-8668.86976116,1259.56716775,1278.88729216,2585.96030156,2294.02094945,1635552.70604,-2423374.33287,-1727821.36927,6687190.68124,4903306.78242,5262532.11653,11794540.7891,1190573.04065,600161.674021,-0.280186155174,0.730665702932,0.622594048323,0.514987646205,-0.432928935329,0.739837996598,0.810113228323,0.527920607206,-0.254983116663,0,0,0
gemma,12,10,H10_F,True,USABLE,500,2815.87907827,-7030.21003755,31.5376499071,1648.526355,3627.2265243,3076.76657561,2717639.14314,-4224573.53639,-2136666.35741,13156772.2586,8354972.79752,9466492.5608,21041990.2459,3274376.27109,1024537.44558,-0.245694001475,0.763906951225,0.596724917788,-0.464170480325,0.44771313679,-0.764263509754,0.850987792412,0.464757051605,-0.244582624382,0,0,0
gemma,12,10,H10_G,True,USABLE,500,1963.46086169,7963.30631347,6562.72389963,5409.62893688,11541.4899025,9221.56746932,29264085.2347,-45188486.3643,-18895216.339,133205989.169,78957814.6714,85037306.5912,204626876.331,33825089.5604,9055415.10321,-0.262791528297,0.785575245584,0.560189384209,0.520190367945,-0.373631458263,0.767985360859,-0.812614664987,-0.49322516858,0.310461494112,0,0,0
gemma,12,10,H10_H,True,USABLE,500,12367.0630307,-4763.24929492,16679.7728802,4817.9485106,9536.13092439,7709.98028105,23212627.8508,-31033747.1469,-13154909.3512,90937793.0071,54059336.9868,59443795.9342,140654153.149,24627007.4979,8313056.14557,-0.26947853585,0.780931953515,0.563494989059,0.569393854987,-0.342693794299,0.747229282919,-0.776641459503,-0.522212837192,0.352309233562,0,0,0
gemma,12,10,H10_I,True,USABLE,500,4996.33361571,922.2853833,-1189.12722778,6097.9957078,12754.6311696,10417.3003465,37185551.6524,-54806863.5004,-21599039.7574,162680616.272,92941488.7502,108520146.51,247810900.117,47554727.8456,13020686.4719,-0.261684212421,0.783615131657,0.563443607124,-0.483908672753,0.39858310823,-0.779078880646,0.835077103868,0.47652789139,-0.274895251547,0,0,0
gemma,12,10,H10_J,True,USABLE,500,13609.0430399,-15345.2576849,10215.3505796,5962.5337299,12795.0083779,10605.0584269,35551808.4802,-54278558.069,-21164189.3569,163712239.392,94688242.8431,112467264.237,250818242.891,48751591.1828,12161478.0356,-0.252939782947,0.779927798593,0.572480650489,-0.471122801433,0.417532070422,-0.77698795109,0.845023533502,0.466239851526,-0.261831298122,0,0,0
qwen,45,4,H04_A,True,USABLE,500,185.355629293,668.195811893,367.060463162,107.590115616,114.096937464,83.3941263862,11575.6329782,-5987.2343114,-248.312381311,13018.1111387,5463.19255883,6954.58031572,19833.3377658,9125.60853535,2589.37813148,-0.560101194129,0.758706029066,0.332643673914,0.739726502079,0.277273448311,0.613126526081,-0.372949533393,-0.589478240753,0.716536146486,0,0,0
qwen,45,4,H04_B,True,USABLE,500,-437.166795029,-385.721614938,-153.389585443,83.8558211043,80.1248749143,62.4512995445,7031.79873307,-2762.53213597,-307.185126952,6419.99558004,2075.19533103,3900.1648148,9957.25400248,5010.90640053,2383.7987249,-0.676005972486,0.68593016964,0.269287444082,0.672195891871,0.424266432242,0.606754215004,-0.301941398479,-0.591183386818,0.747886084263,0,0,0
qwen,45,4,H04_C,True,USABLE,500,489.508606575,392.859481476,94.4156866924,95.2854467957,80.9429009791,58.4107830055,9079.31637106,-3080.80549622,-600.946362442,6551.75321891,1957.01353352,3411.81957131,11468.488455,5228.16710086,2346.23360547,-0.792832426291,0.576015508818,0.199054960808,0.588759255259,0.639558370723,0.494295083716,-0.157414367734,-0.509088621007,0.846197076804,0,0,0
qwen,45,4,H04_D,True,USABLE,500,-376.134050676,-473.692403906,-41.6531207631,81.0117197883,86.2061816098,65.7313576435,6562.89874306,-2453.90711215,230.761999706,7431.50574774,1526.66322109,4320.61137765,9693.28550809,5462.15201122,3159.57834914,-0.596035299011,0.778748866527,0.195683737739,0.685552323746,0.366662983522,0.628948541553,-0.418042980733,-0.509026973153,0.752417176082,0,0,0
qwen,45,5,H05_A,True,USABLE,500,-359.463657827,-325.207142143,-228.641086459,77.6430060526,82.5494907247,62.6812483647,6028.43638889,-2719.84508431,-464.119836929,6814.4184189,2560.60946367,3928.93889656,10030.5362687,4639.55374574,2101.70368988,-0.552897928192,0.752494181502,0.357849672078,0.769546484767,0.296450192486,0.565610724048,-0.319534174673,-0.588106954712,0.74298594942,0,0,0
qwen,45,5,H05_B,True,USABLE,500,162.121600398,652.927139441,353.096348498,110.913958164,116.946784076,84.7023691508,12301.9061157,-6545.24367122,-424.259223536,13676.5503056,5678.30250444,7174.49133976,21116.7070835,9337.31039993,2698.93027766,-0.57403707802,0.75209683623,0.323777364854,0.72962677878,0.290343471023,0.619148958265,-0.371653328716,-0.591651094622,0.715417909677,0,0,0
qwen,45,5,H05_C,True,USABLE,500,481.579572936,382.752853238,71.9089368596,92.2815914894,77.8049563871,56.721011403,8515.89212781,-2864.19783709,-566.815197147,6053.6112384,1772.65015121,3217.27313457,10691.1205369,4847.374753,2248.28121092,-0.799259250807,0.568329715466,0.195412344843,0.579953725498,0.644109480925,0.498775152612,-0.157601796563,-0.511980772198,0.844415396958,0,0,0
qwen,45,5,H05_D,True,USABLE,500,-245.147999913,-481.017362625,-71.3748070926,83.7457200726,88.6170247759,68.4800809343,7013.34563048,-2301.02309702,351.480993467,7852.97708013,1620.43789751,4689.52148476,9982.35445523,6102.56299208,3470.92674806,-0.584966028464,0.785585922636,0.201666813579,0.706699917698,0.371681853264,0.602019788943,-0.397982376329,-0.494679045554,0.772594764428,0,0,0
qwen,45,5,H05_E,True,USABLE,500,-280.383742521,-137.284244779,212.623094149,75.8147452344,72.4275500688,59.2831329196,5747.87559496,-1246.46606257,257.850549519,5245.75000896,1507.95560699,3514.48984877,6971.36589626,5127.52080393,2409.2287525,-0.662435933117,0.703485453144,0.257462330701,0.701239305326,0.461423913041,0.543462426613,-0.26351863536,-0.540551745616,0.798975430867,0,0,0
qwen,45,6,H06_A,True,USABLE,500,-237.666682938,-252.321826585,-263.108215877,69.5112200165,73.0373984678,56.9504235906,4831.80970819,-1983.1830242,-314.586074395,5334.46157494,2160.00932214,3243.35074715,7856.89128223,3910.005214,1642.72553405,-0.533151170371,0.75166049804,0.388273518565,0.792145774846,0.28236700321,0.541085896038,-0.297077264235,-0.59604980596,0.745968985876,0,0,0
qwen,45,6,H06_B,True,USABLE,500,-44.1304442637,517.446466073,409.366067038,113.670917784,119.743931252,84.2779582929,12921.0775498,-7549.72162992,-1193.31446348,14338.6090717,5886.75969664,7102.77425403,22951.8201106,8643.38277017,2767.25799477,-0.593868344774,0.738598690586,0.319049155054,0.718693267198,0.30873786802,0.62302561467,-0.361663347272,-0.599293670178,0.714175552735,0,0,0
qwen,45,6,H06_C,True,USABLE,500,500.282972945,452.244763692,97.5147914713,91.4817911383,83.4088730667,61.6833398055,8368.91810987,-2847.37926717,-350.318220337,6957.04010626,2306.88032461,3804.83440957,11019.7858411,5742.22261872,2368.78416586,-0.724890807659,0.645153386915,0.241475514955,0.656589163249,0.541046479152,0.525508685086,-0.208384230869,-0.539486621474,0.815800341736,0,0,0
qwen,45,6,H06_D,True,USABLE,500,-405.470412179,-475.829559834,-150.681978939,79.5521677006,86.1232513513,65.2745864752,6328.54738587,-2773.58305736,-44.3952032906,7417.21442332,2003.46544058,4260.77163951,10140.3150712,5131.50115707,2734.71722041,-0.568700559436,0.777263734631,0.269148212932,0.707200392848,0.294934399044,0.642558405607,-0.420056279626,-0.555765046659,0.717410576211,0,0,0
qwen,45,6,H06_E,True,USABLE,500,-385.248494247,-167.877032822,148.768724362,78.8064942047,71.5339324602,59.6679075219,6210.46352883,-1733.58515901,164.745666498,5117.10349322,1288.62071983,3560.25918804,7588.96190269,4786.75401566,2512.11029174,-0.763721646397,0.623267518535,0.168127472961,0.569283195855,0.52745558068,0.630640351806,-0.304377873279,-0.577345832884,0.757644969302,0,0,0
qwen,45,6,H06_F,True,USABLE,500,458.710717972,353.63610345,187.729829623,99.3252240996,76.8540818872,56.4094744143,9865.50014243,-3045.97130561,-847.013064933,5906.54990273,1617.21686418,3182.02880369,11789.9672294,4785.52633869,2378.58528077,-0.853565780102,0.490317505313,0.176108497871,0.511617021073,0.725061335318,0.461014190428,-0.098353865137,-0.483606042157,0.86974232575,0,0,0
qwen,45,7,H07_A,True,USABLE,500,271.284293984,1.93983673957,244.799045188,70.3134851455,78.2140828678,50.7554920699,4943.98619331,-2847.03804223,-961.495522303,6117.44275885,2440.59620318,2576.11997525,9369.9461827,3020.82155669,1246.78118802,-0.559420052697,0.751727520577,0.34922047398,0.806899425656,0.397498689066,0.436930325186,-0.189637869415,-0.526213385422,0.828937242188,0,0,0
qwen,45,7,H07_B,True,USABLE,500,-309.4856235,-286.881097409,-269.26052883,73.4358829359,78.8214376038,59.8391078889,5392.82890258,-2420.56129266,-399.732819016,6212.81902593,2422.1285082,3580.71883294,9104.56910968,4242.39389188,1839.40375988,-0.534897628129,0.758879398999,0.371465456263,0.783399067926,0.280762196833,0.55448939503,-0.316497121304,-0.587600754428,0.744684446999,0,0,0
qwen,45,7,H07_C,True,USABLE,500,-133.80070049,495.346134538,382.989992115,115.559962246,117.982443965,84.0647846647,13354.1048744,-6842.57509233,-372.570333548,13919.8570839,5238.18524107,7066.88802073,21663.4441436,9592.06866303,3085.33717244,-0.617781987888,0.734988729171,0.279529932982,0.69890682418,0.350306200972,0.623550171739,-0.36038127942,-0.580583442368,0.730101499719,0,0,0
qwen,45,7,H07_D,True,USABLE,500,442.377800798,476.045741197,42.6099863317,86.1745219727,76.8965530341,56.601850186,7426.04823722,-2388.52635171,-211.642736276,5913.07986853,1813.51891972,3203.76944448,9436.83576962,4993.57272487,2112.48905572,-0.757520348931,0.619471114466,0.205957421078,0.620864018543,0.58616603507,0.520516330013,-0.201719586144,-0.522173264035,0.828640024916,0,0,0
qwen,45,7,H07_E,True,USABLE,500,-407.07364678,-467.042684687,-104.656238508,77.3611118298,81.10624342,61.3066582818,5984.74162354,-2575.40621669,56.3958297726,6578.22272171,1521.87067835,3758.50634969,9108.48815681,4641.47374997,2571.50878816,-0.619889615873,0.756441736303,0.208645066347,0.659866733931,0.358628655423,0.660273716696,-0.424632497088,-0.546974759095,0.721460917395,0,0,0
qwen,45,7,H07_F,True,USABLE,500,464.72881479,345.137974355,111.122565742,100.109461042,74.5086494443,55.8917433838,10021.9041901,-2853.00691914,-806.263941312,5551.53884201,1520.32458437,3123.88697848,11641.7406769,4710.63326205,2344.95607164,-0.877032614412,0.451703414043,0.163639295405,0.471531652607,0.744061579511,0.473318356379,-0.0920418048961,-0.492276742938,0.865558729673,0,0,0
qwen,45,7,H07_G,True,USABLE,500,-409.03498753,-153.19196468,114.249678864,77.4201468398,71.3799409197,59.2260795562,5993.8791367,-1776.37450278,209.885618383,5095.0959657,1290.22124716,3507.7284996,7485.15446375,4696.95920363,2414.58993463,-0.7447540375,0.645314580434,0.170030926325,0.579647898365,0.499287040942,0.643988171218,-0.330680718441,-0.578170859718,0.745901279945,0,0,0
qwen,45,8,H08_A,True,USABLE,500,185.171705462,-77.7147828007,251.256090286,66.9926938217,77.5757903894,48.054056166,4488.02102548,-2851.33285792,-1116.61917819,6018.00325454,2265.47805789,2309.192314,9111.96740298,2493.78671469,1209.46247636,-0.551637383176,0.760002895058,0.343644870449,0.824836268761,0.435887708247,0.360065321207,-0.123860111496,-0.482076244283,0.867329906943,0,0,0
qwen,45,8,H08_B,True,USABLE,500,-460.727639898,-406.895510785,-130.869456627,81.1384088778,83.5876651839,64.1560782204,6583.44139523,-2769.86488515,-255.729319487,6986.89777089,2093.43619066,4116.00237263,10073.3097744,5008.44528223,2604.5864821,-0.608446668041,0.740181619959,0.286223377148,0.710613024553,0.347589544046,0.611727584965,-0.353301261654,-0.575597670553,0.737472399597,0,0,0
qwen,45,8,H08_C,True,USABLE,500,-398.155725957,58.621759618,119.297123956,101.404974701,90.1848107323,66.8148248868,10282.968894,-3784.88302931,-108.882339582,8133.30008681,2239.28517604,4464.22082465,13383.9932392,6522.99821256,2973.49835376,-0.765183923771,0.622167247231,0.165533921826,0.584838929801,0.564224707264,0.582764022484,-0.26917835907,-0.542732343044,0.795603302421,0,0,0
qwen,45,8,H08_D,True,USABLE,500,336.918274704,166.851915894,-302.919534977,91.3835779209,88.5251398801,70.9519848836,8350.95831363,-3564.49597465,-345.492466919,7836.70039079,2940.97923593,5034.18415893,12404.9442204,6237.73974312,2579.1588998,-0.642589774593,0.700809971279,0.309747906763,0.68456545514,0.343529443049,0.642928969162,-0.344163506517,-0.625182298145,0.700498804331,0,0,0
qwen,45,8,H08_E,True,USABLE,500,358.862155659,522.397356071,209.7254022,88.7868367124,89.4285242952,65.6727876049,7883.10237339,-3231.05424145,-304.959962241,7997.46095762,3087.81362788,4312.91503179,11987.9443734,6034.38894582,2171.14504356,-0.600745753982,0.733116731889,0.318817183503,0.749317070307,0.377376947507,0.544160424542,-0.27861885654,-0.565797222434,0.776044480598,0,0,0
qwen,45,8,H08_F,True,USABLE,500,405.441884222,359.848472034,93.3390337774,87.8057534256,72.854153631,52.0720615024,7709.85033463,-2468.60432562,-444.137167908,5307.72770129,1489.08218965,2711.49958911,9461.2547937,4322.421739,1945.40109234,-0.817596939117,0.548607664492,0.174828131623,0.558093209896,0.680353476053,0.475027490458,-0.141658795048,-0.485951415352,0.862429131989,0,0,0
qwen,45,8,H08_G,True,USABLE,500,-211.084527123,-329.585498987,12.2646559395,104.977328434,105.171070509,80.0697188548,11020.2394851,-3254.73156423,656.300382358,11060.9540719,2438.41090101,6411.15987749,14512.5484218,9281.35722013,4698.44779254,-0.654865531624,0.736680546891,0.168679896022,0.679018740704,0.475549165068,0.55927322605,-0.331790122311,-0.48078556908,0.811640654047,0,0,0
qwen,45,8,H08_H,True,USABLE,500,-295.186438001,24.106194878,124.33266254,56.3667791812,50.0054064482,43.4047456072,3177.21379526,-739.121765956,347.200626521,2500.54067405,588.863231342,1883.97194123,3652.21201218,2641.4724865,1268.04191185,0.837361321445,-0.546368541529,-0.0175338009512,0.415801682118,0.615777279163,0.669273713524,-0.354873186499,-0.567714505094,0.74280903482,0,0,0
qwen,45,9,H09_A,False,USABLE,500,256.401036405,6.33643717125,263.891575276,61.7548870487,69.7196038426,46.0935092638,3813.6660744,-2012.46264252,-444.860656852,4860.82315997,1769.24985773,2124.61159625,7003.11829682,2670.49417243,1125.48836138,-0.536175883104,0.776685716043,0.330567271327,0.803892632489,0.350412128715,0.480591276949,-0.257433598832,-0.523422046292,0.81225445745,0,0,0
qwen,45,9,H09_B,False,USABLE,500,-484.070746876,-351.815744777,-144.691539633,85.3175815917,86.4228840457,65.2753305029,7279.08972866,-3011.74461223,-417.414510532,7468.91488677,2338.75633083,4260.86877226,10987.9408837,5324.15550249,2696.77700152,-0.622601079199,0.726356529328,0.291159901915,0.721678640359,0.389094709975,0.572525324086,-0.302568729763,-0.566578766785,0.766446778842,0,0,0
qwen,45,9,H09_C,False,USABLE,500,251.538849152,496.96178258,290.885211373,96.4504367525,103.698097219,75.6445598841,9302.68674974,-4942.98469121,-668.19146012,10753.2953668,4557.72141955,5722.09944006,16498.0461359,6982.61381841,2297.4216023,-0.551726102706,0.755321707042,0.353677008672,0.756679392712,0.274978767066,0.593146671835,-0.350762888913,-0.594874605723,0.723249334067,0,0,0
qwen,45,9,H09_D,False,USABLE,500,264.364011858,242.733049389,-304.268860149,83.715783567,81.9681194898,66.9742012153,7008.33241824,-2761.03499292,-24.3291636878,6718.7726127,2484.27808005,4485.54362843,10202.9269262,5706.66561515,2303.05611804,-0.622147843561,0.717073579422,0.314225305232,0.695731193518,0.322340334926,0.6419149592,-0.359012767348,-0.617982354258,0.699433801519,0,0,0
qwen,45,9,H09_E,False,USABLE,500,-318.746012266,-488.716360669,-126.973326549,77.1064690845,82.6528204866,63.5560744456,5945.40757468,-2482.07921909,267.241394117,6831.48873439,1520.93988798,4039.37459894,9115.40107629,5008.49548302,2692.3743487,-0.593123855688,0.779287970235,0.202272962258,0.654922488686,0.320879403625,0.684187797423,-0.468274092414,-0.538281216259,0.700694445958,0,0,0
qwen,45,9,H09_F,False,USABLE,500,-413.69441451,74.7485865831,168.758352661,94.3835245552,79.9866881015,60.0103802742,8908.24970747,-3442.17286155,-325.313344025,6397.87027345,1510.31441665,3601.24574066,11482.7602738,4787.78542342,2636.82002439,-0.798866222826,0.583808212233,0.14484726217,0.539501269294,0.588942937996,0.601734655986,-0.265990861607,-0.558850773565,0.78545189186,0,0,0
qwen,45,9,H09_G,False,USABLE,500,364.302964814,395.545437909,102.697127277,82.8000257193,73.2399774785,51.4945497602,6855.84425911,-2176.67092249,-321.176300558,5364.09430106,1638.6180511,2651.68865501,8667.36802823,4423.13595401,1781.12323293,-0.766833795176,0.607726678452,0.20648054357,0.622979562138,0.627304972162,0.467316741686,-0.154474579574,-0.4869874292,0.859639952577,0,0,0
qwen,45,9,H09_H,False,USABLE,500,493.501621586,382.816966607,121.192300618,99.9414012118,74.9723811553,56.9871237902,9988.28367617,-2787.16382731,-797.600870154,5620.8579361,1659.71648729,3247.53227788,11600.2742102,4918.6468659,2337.75281408,-0.87320983311,0.455281565188,0.173848450555,0.47727307299,0.726754865934,0.49400180024,-0.0985647054431,-0.514340413775,0.851903126887,0,0,0
qwen,45,9,H09_I,False,USABLE,500,-353.631062103,-103.89420402,122.826238045,69.7722752905,65.0412942965,55.1494580798,4868.17039922,-1033.09362171,492.912171083,4230.36996376,1032.70625373,3041.46272649,5653.51086767,4383.33094817,2103.16127363,0.766695273604,-0.633252964332,-0.105683681796,0.545309481055,0.555448718698,0.627785226625,-0.338844990083,-0.538950279768,0.771178752712,0,0,0
qwen,45,10,H10_A,True,USABLE,500,196.399649755,-132.309446205,153.921847356,50.7199441204,60.1490749328,41.7529292291,2572.51273158,-1277.41737533,-211.023988915,3617.91121527,1313.5449654,1743.30709921,4945.40824585,2054.32966156,933.993138648,-0.466642794801,0.807052336727,0.361816290186,0.826342040001,0.252005822614,0.503638658461,-0.315282944333,-0.534003362492,0.784497975689,0,0,0
qwen,45,10,H10_B,True,USABLE,500,514.310584114,476.314827199,169.565286999,90.1508557869,91.3511427362,67.9555775636,8127.1767991,-3158.92419278,-137.963590956,8345.03127922,3071.92115367,4617.960522,12160.5852056,6481.79665247,2447.78674222,-0.592184851817,0.742440080538,0.313208920832,0.750685053575,0.36701536365,0.549337485689,-0.29289768114,-0.560430593076,0.774679610373,0,0,0
qwen,45,10,H10_C,True,USABLE,500,-55.2812120529,57.239532024,-324.357046876,70.8891789057,80.2203166987,63.4432952844,5025.27568593,-1955.77583988,-52.8066850581,6435.29921123,2788.76324068,4025.05171655,8993.89315333,4680.47354975,1811.25991062,-0.399150752063,0.797744429132,0.451976219415,0.849315439924,0.135961565208,0.510076206359,-0.345459057827,-0.587467683005,0.731805821779,0,0,0
qwen,45,10,H10_D,True,USABLE,500,-202.219802908,341.04486968,321.435987861,124.154581325,126.742226363,89.1079137352,15414.3600639,-8867.86026809,-1757.85742296,16063.5919434,6207.45363631,7940.22029023,26411.0621759,9425.44628447,3581.66383719,-0.627308041464,0.7182205405,0.301071214696,0.698228293693,0.347480550576,0.625886984094,-0.344908496563,-0.602840378687,0.719459246117,0,0,0
qwen,45,10,H10_E,True,USABLE,500,-422.277713006,-452.360423973,-139.166310109,79.0179537433,84.9668115829,63.5211918941,6243.83701379,-2772.16918066,-125.080553058,7219.35907056,2089.58102569,4034.94181964,10037.8399989,4941.13599223,2519.16191289,-0.572338831642,0.77066325393,0.280189954916,0.721780460717,0.311288088549,0.618168821969,-0.389180200321,-0.556037656071,0.734411939384,0,0,0
qwen,45,10,H10_F,True,USABLE,500,-517.150351371,-363.038951756,-103.707661705,98.1930424886,89.3449491901,68.7794423479,9641.87359318,-3654.65828646,-455.900737926,7982.51994578,2354.96622802,4730.61168969,12979.4584435,6248.01936681,3127.5274183,-0.733425270331,0.641878122693,0.22378527308,0.623954651279,0.505037869015,0.596336602941,-0.269755381755,-0.577000196247,0.770910375819,0,0,0
qwen,45,10,H10_G,True,USABLE,500,440.395968926,333.307606672,-9.56750138163,89.2866118591,74.4120334749,54.1672088287,7972.09905728,-2799.00942824,-472.206497577,5537.15072586,1449.44862431,2934.0865123,10011.0582711,4272.44042362,2159.83760072,-0.810001764604,0.561531367319,0.169055212447,0.559382989123,0.653309155017,0.51017430301,-0.176033555946,-0.507808695759,0.843292663132,0,0,0
qwen,45,10,H10_H,True,USABLE,500,306.921159934,169.39782411,127.43390736,143.879376897,96.7008644539,76.0921555307,20701.2750962,-3185.97069484,-1556.26613682,9351.05718613,2441.69725564,5790.01613331,21820.8701148,9473.11265803,4548.36564276,-0.953590338363,0.269810897856,0.133669540207,0.301080150621,0.848464873065,0.435267850958,-0.00402610021056,-0.455312462572,0.89032261116,0,0,0.002
qwen,45,10,H10_I,True,USABLE,500,95.388326945,396.83060882,190.700830279,70.556080004,55.1776030221,38.5097625443,4978.16042554,-954.451306863,-84.7425247261,3044.56787527,763.451409048,1483.00181122,5406.01240147,2950.96642293,1148.75128763,-0.911365882449,0.399880750382,0.0975069935088,0.403470718364,0.821099343335,0.403741560651,-0.0813855498926,-0.40729750042,0.909662101233,0,0,0
qwen,45,10,H10_J,True,USABLE,500,-15.8091100119,110.102923134,376.14123393,74.9338996594,76.9256536603,54.5079932714,5615.08931817,-1842.89345533,-730.086147426,5917.55619107,1966.14314388,2971.12133048,8336.59795151,4190.02280617,1977.14608203,-0.587882058097,0.730431596811,0.347655530874,0.80670571287,0.497385950651,0.319113003368,-0.0601712438907,-0.468056512053,0.881647618345,0,0,0
llama,45,4,H04_A,True,USABLE,500,11.5585347681,8.39876318843,4.77406547388,3.33697423755,2.63767369365,2.03480386688,11.1353970621,2.32740533554,-0.586600228379,6.95732251415,2.24120578829,4.14042677669,12.1935358139,7.47267810304,2.56693243595,-0.904069832849,-0.424185187369,-0.0521983155668,0.377806428159,-0.736113952381,-0.561603554077,-0.199800000434,0.527449690422,-0.825758308405,0,0,0
llama,45,4,H04_B,True,USABLE,500,-1.33902226225,-4.33755897803,-3.25735199713,2.09583949277,1.55338205558,1.25438663145,4.39254317947,1.03317499941,-0.0993717848356,2.41299581059,0.683269758046,1.57348582117,4.84357846964,2.46459653547,1.07084980612,-0.912992676501,-0.404020336893,-0.0566739802054,0.356278301647,-0.721888918085,-0.593247133766,-0.198771588591,0.561821997899,-0.803022974918,0.002,0.006,0.006
llama,45,4,H04_C,True,USABLE,500,4.62297710851,-3.03712273237,4.86870520168,4.04669834678,2.82412916319,2.00093106377,16.3757675099,2.52457650009,1.31962994958,7.97570553037,2.81000645199,4.00372512195,17.3947069719,8.41175824473,2.54873294554,-0.941578514212,-0.298756684123,-0.155481012559,-0.336792426898,0.836432612136,0.432378707315,-0.000873360589746,-0.459483328367,0.888185964871,0,0,0
llama,45,4,H04_D,True,USABLE,500,-10.4950993373,-3.30869304686,-1.60795969248,2.6822432125,2.01543286783,1.31209944909,7.19442865101,1.23442224996,-0.0454810904703,4.06196964474,0.491143124126,1.72160496431,7.62478753609,3.74704169379,1.60617403018,-0.943837233802,-0.329794734532,-0.0201670316259,-0.325410562375,0.917242344231,0.229726898392,0.0572646661055,-0.223387365411,0.973046166937,0,0,0
llama,45,5,H05_A,True,USABLE,500,0.784907735777,-4.32614952455,-2.68918753477,2.19350931353,1.54055581065,1.20583927085,4.81148310854,0.765722126413,-0.0580693845116,2.37331220573,0.68222776328,1.45404834712,5.03717837553,2.5585756803,1.04308960555,-0.957678432454,-0.285215322584,-0.038784530102,-0.263499308462,0.81446895059,0.516922085972,0.11584530397,-0.505264829856,0.855153388147,0.002,0.004,0.01
llama,45,5,H05_B,True,USABLE,500,12.4288896319,9.00301560281,4.80186801735,3.33629703719,2.67623294309,2.04718387776,11.1308779204,2.26723236333,-0.728742428962,7.16222276568,2.30288782962,4.19096182934,12.1712934543,7.74389810737,2.56887095375,-0.903060982635,-0.427559069857,-0.0409158089886,-0.375851704491,0.740537628521,0.557081248092,-0.207885444112,0.518456615859,-0.829449443666,0,0,0
llama,45,5,H05_C,True,USABLE,500,4.32415387074,-2.77305967691,5.14127985498,3.88186829833,2.75581481805,1.94818900209,15.0689014856,2.21781428403,1.18213913585,7.59451531138,2.60088582691,3.79544038786,15.9647590647,8.0200224914,2.4740756287,-0.941940316213,-0.297788859377,-0.15514585371,-0.335753248439,0.841167993941,0.423917636025,-0.00426577723217,-0.45139583649,0.892313623085,0,0,0
llama,45,5,H05_D,True,USABLE,500,-11.6372848993,-3.92412331634,-3.22187313288,3.081646186,2.24810972254,1.41464404413,9.4965432157,1.39375457979,-0.12900022016,5.05399732458,0.844320164549,2.0012177716,9.89914370426,4.90024294245,1.75237166518,-0.960276949331,-0.278691812223,-0.0141086634424,-0.271346181373,0.920779138289,0.280244586649,0.0651109087521,-0.272940748683,0.95982494095,0,0.002,0.002
llama,45,5,H05_E,True,USABLE,500,-2.77266772696,-2.26604783581,-0.521851760648,2.8777487088,2.09269680287,1.72825006301,8.281437631,1.38745651408,0.307530489762,4.37937990874,1.10448846761,2.9868482803,8.79487024662,4.50605160659,2.34674396681,-0.939798978364,-0.323125957265,-0.111209244253,-0.333085128012,0.793439673156,0.509419063796,0.0763686962262,-0.515793661073,0.853302245066,0.002,0.024,0.06
llama,45,6,H06_A,True,USABLE,500,2.99853118358,-4.25114881623,-2.70167653805,2.11178889083,1.49852276131,1.17216267212,4.45965231942,0.534255501262,-0.101947839201,2.24557046617,0.660566382603,1.37396532991,4.58258296358,2.51316084415,0.983444307765,-0.973749268289,-0.22707362848,-0.0158091668484,-0.203821350317,0.838901126268,0.504679856445,0.101337158349,-0.494653886667,0.863161811448,0,0,0.004
llama,45,6,H06_B,True,USABLE,500,10.6670054362,8.97139749799,4.67924035489,3.34376064805,2.59340726671,2.03911931778,11.1807352715,1.79453710611,-0.915006562931,6.72576125102,2.19414433501,4.15800759216,11.8163324042,7.68721374505,2.56095796539,-0.945590338141,-0.324748312689,0.019936043247,-0.259110082551,0.788692871408,0.557517281984,-0.196776211812,0.522017325379,-0.829925921073,0,0,0
llama,45,6,H06_C,True,USABLE,500,6.16562874277,-0.766929634323,4.43409636789,3.91494846156,2.76913458789,1.94216131968,15.3268214566,2.25504448272,1.16503966151,7.66810636585,2.55068187037,3.77199059168,16.2114296465,8.04511168433,2.51037708336,-0.944291100944,-0.293629410468,-0.148647522637,-0.329089708069,0.847616291885,0.416229006407,-0.00377898416496,-0.441959716534,0.897026938413,0,0,0
llama,45,6,H06_D,True,USABLE,500,-5.73390781842,-4.84885263531,-3.05461191628,2.20507547912,1.6344192653,1.1515885283,4.86235786862,1.30451917923,0.0377244372523,2.67132633478,0.446609501937,1.3261561385,5.48242388515,2.22818151511,1.14923494164,-0.902447358695,-0.427387699516,-0.0541157933227,-0.413101343021,0.822880749226,0.390146835111,0.122213113777,-0.374442287749,0.919160991321,0.002,0.002,0.002
llama,45,6,H06_E,True,USABLE,500,-3.27871580604,-2.03310463965,-1.58507409135,2.6007553213,1.96033686185,1.64975111844,6.76392824128,1.268756833,-0.023046357615,3.84292061193,0.808701274803,2.72167875278,7.25366865791,3.87025006497,2.20460888311,-0.930890844247,-0.360406278281,-0.0595781056552,-0.332382945283,0.768015889046,0.547424124293,0.151538159495,-0.529394851456,0.834731859622,0.004,0.018,0.044
llama,45,6,H06_F,True,USABLE,500,1.80836996568,-2.38882088678,6.09852854675,3.97502801231,2.75950037978,2.07972574153,15.8008476987,2.45100787696,1.31102053893,7.61484234602,2.95170803843,4.32525916,16.8325076099,8.31845777443,2.5899838203,-0.937489042331,-0.30370069358,-0.169941708325,-0.347892688735,0.804893482137,0.480746460765,0.00921806019622,-0.509816016945,0.860234070607,0,0,0
llama,45,7,H07_A,True,USABLE,500,5.79430249053,-2.27098789195,3.57929079205,3.22157099915,2.0412292073,1.57059132568,10.3785197026,0.962531627272,1.01303414671,4.16661667675,1.99970002608,2.46675711229,10.7418114389,5.13738839326,1.13269365941,-0.967512774423,-0.191746589831,-0.164779478748,-0.250309616233,0.818151028502,0.517662042825,-0.0355545686173,-0.542090527356,0.839567586798,0,0,0
llama,45,7,H07_B,True,USABLE,500,1.62657130036,-4.27526241864,-2.83196301873,2.18455513049,1.51937067657,1.2021015878,4.77228111817,0.645694533135,-0.101050827178,2.30848725282,0.682607253158,1.44504822739,4.93251980526,2.56881192181,1.02448487131,-0.969652114077,-0.243701583225,-0.0196039791543,-0.217956381504,0.825311848547,0.520917813489,0.110769099603,-0.50938187147,0.853381693963,0.002,0.004,0.004
llama,45,7,H07_C,True,USABLE,500,10.6269175475,9.42298180378,4.97801203641,3.30750590171,2.63063963159,2.06399707732,10.9395952899,1.41777894329,-1.14215447176,6.92026487131,2.31617320904,4.26008393518,11.415203283,8.13347331779,2.57126749556,0.960882298886,0.268894450556,-0.0663398986097,-0.190930853928,0.816651385836,0.544633751278,0.20062556344,-0.510662597488,0.836046108071,0,0,0
llama,45,7,H07_D,True,USABLE,500,5.51161724549,-0.567899456892,3.65207673972,3.84002826502,2.80467448611,1.94832023093,14.7458170762,2.6183361963,1.09788688322,7.86619897303,2.45919915381,3.79595172226,15.9145225839,7.85580605603,2.63763913154,-0.92469293981,-0.34800276636,-0.154392492279,-0.38054982301,0.832979519491,0.401655265514,0.0111713594905,-0.430161823869,0.902682671825,0.002,0.002,0.006
llama,45,7,H07_E,True,USABLE,500,-5.93951505571,-4.76287807001,-3.01541129884,2.10063933664,1.57381551894,1.08507884665,4.41268562264,1.0260245067,0.0450351417299,2.47689528764,0.409171228122,1.17739610346,4.86665974863,2.16230849672,1.03800876839,-0.913965425034,-0.401946120124,-0.0557361494973,-0.396191915369,0.8541860281,0.336746485646,0.0877449032099,-0.329856856706,0.939944299437,0.002,0.002,0.002
llama,45,7,H07_F,True,USABLE,500,0.972489484115,-3.02594861934,5.21053481025,3.92073439258,2.75104241678,2.02064922249,15.3721581771,2.20948860059,0.970453142782,7.56823437893,2.58009470518,4.08302328035,16.1749232698,8.13906443662,2.70942813005,-0.948820625014,-0.284611867609,-0.136877705868,-0.315444027064,0.833053450377,0.454441431436,0.015312979367,-0.474360657761,0.880197409125,0,0,0
llama,45,7,H07_G,True,USABLE,500,-4.4423364863,-1.551502871,-1.24133410205,2.59386929757,1.96852222535,1.60350153036,6.72815793288,1.59144502855,-0.178187096747,3.87507975168,0.629063158565,2.57121715786,7.44068324078,3.57892905818,2.15484254348,-0.911698943599,-0.410388515612,-0.0196545794494,-0.355277528904,0.763434078668,0.539394368699,0.206356278546,-0.498748106544,0.841823860747,0.002,0.018,0.034
llama,45,8,H08_A,True,USABLE,500,3.30625684889,-2.9684569243,2.91830332956,3.03858890117,1.90708157237,1.50694068198,9.23302251032,0.737187962934,0.998278180542,3.63696012367,1.8614790748,2.27087021899,9.55102735084,4.63855814388,0.951267358268,-0.968057046013,-0.176667974992,-0.177915660573,-0.245715272198,0.809673360405,0.532966278914,-0.0498954975303,-0.559658356556,0.827220021073,0,0,0
llama,45,8,H08_B,True,USABLE,500,-1.39024627293,-3.52680468521,-2.90613616652,2.14951547254,1.54424224524,1.19691693371,4.6204167667,0.970886770076,0.000927919918817,2.384684112,0.597614148145,1.43261014621,4.99593114152,2.35516834752,1.08661153587,-0.930973321185,-0.360018925922,-0.0606221759714,-0.338732290777,0.789832931494,0.511296758754,0.136195118953,-0.496538330147,0.857263422915,0,0.008,0.014
llama,45,8,H08_C,True,USABLE,500,6.60973280821,4.08579159075,-1.69587293096,2.74895455057,1.92880589988,1.4276530649,7.5567511211,0.0495958596396,-0.432062016238,3.7202921994,1.29289825281,2.03819327371,7.59109781254,4.41337391208,1.31076486959,-0.996623682828,0.0142390271744,0.080860898661,0.0507485526602,0.881023753249,0.470342142078,-0.0645431578871,0.4728576914,-0.878771747642,0,0,0.006
llama,45,8,H08_D,True,USABLE,500,5.81882185379,-4.14008500394,1.39402240117,2.87437029086,2.36091420953,1.68870084884,8.26200456899,0.481389056386,-0.0680508076337,5.57391590474,1.1129758333,2.85171055687,8.34861764387,5.89326501442,2.44574837231,-0.983299362483,-0.1803598836,-0.0243449405024,-0.177733194647,0.922860085217,0.341672613234,0.0391570588853,-0.34029336682,0.939503671753,0,0,0
llama,45,8,H08_E,True,USABLE,500,7.19933614298,2.26626063283,4.67932394027,3.66583657022,2.67064293971,1.98080900835,13.4383577595,2.50916203015,0.637440211477,7.13233371144,2.4702139594,3.92360432756,14.5146228671,7.43845482345,2.54121810795,-0.922383554165,-0.360195788883,-0.139526243687,-0.380834308266,0.787580645692,0.484439837522,0.0646050203488,-0.499975719612,0.863626349264,0,0,0
llama,45,8,H08_F,True,USABLE,500,2.80100893254,-2.18404058008,4.97876918503,3.94854723138,2.76405285506,2.00662404088,15.5910252384,2.65135609816,1.24184154189,7.63998818558,2.89744578773,4.02654004145,16.7335574515,8.10869999931,2.41529601461,-0.931513314356,-0.324152531075,-0.164948724685,-0.363318103792,0.808346025915,0.463224198249,0.0168196502389,-0.491428366076,0.870755568677,0,0,0
llama,45,8,H08_G,True,USABLE,500,-16.5515342605,-4.51415799371,-1.11986652734,3.99259166552,2.8167077787,1.78396275596,15.9407882076,1.82132818155,0.30268894069,7.93384271057,1.59804410746,3.18252311464,16.3667377653,7.9999812846,2.69043498292,-0.974331361223,-0.219720904425,-0.0490012519768,-0.224307426463,0.929080779551,0.29410046498,0.0190938987717,-0.297542651105,0.954517571238,0,0,0
llama,45,8,H08_H,True,USABLE,500,-3.45154836259,-0.386834515394,-0.189942162711,2.95789951686,1.95554273048,1.68177761864,8.74916955183,2.12791770918,-0.0807506872776,3.82414737074,0.937685607393,2.82837595856,9.55077533839,3.83800230736,2.01291523539,-0.934645708522,-0.353534771743,-0.0380862798215,0.288077631267,-0.690069441162,-0.663939338146,-0.20844346453,0.631519858392,-0.746815901378,0.01,0.036,0.092
llama,45,9,H09_A,False,USABLE,500,5.09143721391,-3.02059893843,2.960522184,3.04900817586,2.00223455825,1.50824645271,9.29645085647,0.866944581919,0.886324914473,4.00894322623,1.81999069253,2.27480736213,9.63135630798,4.83345875101,1.11538638583,-0.96500634363,-0.202663842113,-0.166403497122,-0.259655520255,0.827144062863,0.498409179362,-0.0366301454503,-0.524175606425,0.850822053119,0,0,0.002
llama,45,9,H09_B,False,USABLE,500,0.47076766869,-3.50696739013,-2.74336678829,2.26085625462,1.55818456035,1.21008793288,5.11147100404,0.761280649234,-0.0401456678828,2.42793912412,0.727563767568,1.4643128053,5.31823775416,2.65274282697,1.03274235231,-0.963742427533,-0.26385352494,-0.0397724873486,-0.246409750379,0.822839822915,0.512071148126,0.102385391006,-0.503305020044,0.858021729624,0.004,0.008,0.014
llama,45,9,H09_C,False,USABLE,500,9.60819088223,4.74091263092,6.1101040576,3.23612311895,2.64171892771,2.01553471159,10.472492841,2.44575247483,-0.167411323244,6.97867889303,2.26995800696,4.06238017362,11.8432384774,7.0916032207,2.57871020956,-0.861838044072,-0.491572551308,-0.124866378943,-0.473644172854,0.692030895046,0.544751721266,0.181373601471,-0.528629990733,0.829249027486,0,0,0
llama,45,9,H09_D,False,USABLE,500,6.74082036733,-2.8642159096,1.03273321959,2.70443150716,2.16181297052,1.61519086452,7.3139497769,0.387319795379,-0.167466345032,4.67343531952,0.927147228511,2.60884152883,7.36985003393,4.9900128075,2.23636378382,-0.99017796592,-0.139603655042,0.00764299055165,0.12704781896,-0.921249579509,-0.367638496287,-0.0583647796478,0.363056513167,-0.929937374635,0,0,0
llama,45,9,H09_E,False,USABLE,500,-7.1452993756,-4.34778802011,-2.94344922916,2.33242337215,1.75396309295,1.2061368954,5.44019878693,1.33346782554,0.0771205508863,3.07638653143,0.571409036655,1.45476621045,6.06062175846,2.66929993414,1.24142983621,-0.906107096457,-0.417710171394,-0.0669936001815,-0.411740762628,0.834391169331,0.366416321871,0.097156956217,-0.359596425535,0.928036064278,0.002,0.002,0.002
llama,45,9,H09_F,False,USABLE,500,2.2231429515,3.75737747335,-2.42655397186,2.48513942676,1.92018990684,1.6318199256,6.17591797044,0.405534541073,-0.816695272261,3.68712927832,0.996426700506,2.66283626958,6.3701584907,4.29252682734,1.8631982003,-0.977872205148,-0.0753194425664,0.195174106814,0.0352049399709,0.860390381198,0.508418139079,-0.206219694988,0.504039059512,-0.838700222896,0,0.008,0.01
llama,45,9,H09_G,False,USABLE,500,3.01556286817,-0.589239572855,4.68766921558,3.92285218015,2.79515534268,2.00793330058,15.3887692273,2.77593665198,1.42764631355,7.81289338969,2.95881147333,4.03179613957,16.7247354362,8.09818131799,2.41054200237,-0.919329005853,-0.347592284193,-0.184428259677,-0.393427009136,0.803597942441,0.446593254972,0.00702619959686,-0.483125191719,0.875523090299,0,0.002,0.004
llama,45,9,H09_H,False,USABLE,500,1.65675364916,-2.54752464161,4.97166287217,3.86958569875,2.76866712516,1.99502423372,14.97369348,2.16243937521,1.04861688485,7.66551764995,2.44882889109,3.98012169313,15.8082035825,8.0530612165,2.75806802409,-0.944667491034,-0.294390339485,-0.144698512089,-0.328020558057,0.844518593668,0.423309412181,0.00241761762357,-0.447350727022,0.894355344457,0,0,0
llama,45,9,H09_I,False,USABLE,500,-5.35492441385,-3.3255125702,-0.542153215601,3.05609304449,2.0830838857,1.7258105456,9.33970469658,1.85970822586,0.0903184980744,4.33923847485,0.968753923748,2.97842203931,9.97766982108,4.30869351844,2.37100187123,-0.945211652055,-0.321497457509,-0.0566949524557,-0.298553864055,0.781029863888,0.548505188648,0.132062572581,-0.535379992651,0.834222836173,0.002,0.008,0.016
llama,45,10,H10_A,True,USABLE,500,5.37862854169,-4.68669263851,0.00111890262835,2.77370411251,1.83833549927,1.3402463596,7.69343450375,0.690302946991,0.54414946267,3.37947740787,1.32065469619,1.79626030442,7.89632449811,3.92748189884,1.04536581909,-0.974265613262,-0.186085506484,-0.127195515219,-0.224441238396,0.85296425622,0.47125163991,-0.0208001279393,-0.487672186912,0.8727790057,0,0,0
llama,45,10,H10_B,True,USABLE,500,7.92408537968,1.19665468763,4.48557275731,3.64887997136,2.61668713699,1.86797658403,13.3143250454,1.91001113502,0.696799847862,6.84705157291,2.14423256786,3.48933651849,13.9888568388,7.22130453305,2.44055176491,-0.949016469456,-0.29052895896,-0.122313796065,-0.31454380643,0.847245202273,0.428062800371,0.0207348628735,-0.444711694507,0.895433735254,0,0,0
llama,45,10,H10_C,True,USABLE,500,4.76003192919,-2.7145502358,-0.141217307869,2.44086412676,1.8137507577,1.42825153725,5.95781768531,0.572246759504,-0.193902675585,3.28969181104,0.713130642295,2.03990245365,6.0759315119,3.53563207203,1.67584836608,-0.980086287716,-0.19820520087,0.0120651141475,0.172570252554,-0.880234706835,-0.442047925927,-0.0982363301669,0.431163030919,-0.896910287712,0,0.006,0.012
llama,45,10,H10_D,True,USABLE,500,11.5786140884,8.38418525303,4.22327059503,3.4165768959,2.74124634375,2.03338651679,11.6729976856,0.805199559627,-1.24929344384,7.51443151713,2.66992154347,4.13466072667,11.9142964871,8.98084361569,2.42694982654,0.986801135274,0.106638254843,-0.121867969646,-0.0338121578467,0.871660326444,0.48894275052,0.158367475838,-0.478368642271,0.863761069213,0,0,0
llama,45,10,H10_E,True,USABLE,500,-2.89809124443,-4.22648562998,-2.96317324018,2.17767667789,1.58322573319,1.15727009041,4.74227571343,1.16160132061,-0.0105906426562,2.50660372225,0.464817151134,1.33927406216,5.24425402097,2.22141931512,1.12248016174,-0.916886544118,-0.396634214049,-0.0447254453323,-0.375194721877,0.818202934635,0.435629290143,0.136190990489,-0.416203385378,0.899014324752,0,0,0.006
llama,45,10,H10_F,True,USABLE,500,-1.87888404654,-2.88311607453,-3.33627231677,2.38363295678,1.84119225778,1.54398864694,5.68170607264,1.56201604705,-0.0194858752911,3.38998893012,1.06121044519,2.38390094187,6.527706558,3.42224412754,1.50564525911,-0.872628848175,-0.474086215957,-0.117307941639,0.428466505948,-0.627883920809,-0.649752441527,-0.234382905974,0.617255248523,-0.751039687073,0.002,0.012,0.018
llama,45,10,H10_G,True,USABLE,500,3.36853207837,-3.14455374712,4.65806019527,3.84064585372,2.75501804048,1.95240859969,14.7505605737,2.37657352618,1.09591248884,7.59012440335,2.55428283997,3.81189934013,15.7470696497,7.88221674244,2.52329792503,-0.934527507337,-0.320638949268,-0.154431221724,-0.355796547315,0.831745069461,0.426156023478,0.00819481235204,-0.453200621844,0.891370877587,0,0,0
llama,45,10,H10_H,True,USABLE,500,-16.3680487765,-2.58744864607,2.05992372927,4.85406580745,3.40197028977,2.5036513575,23.5619548631,-0.255530563648,0.535985681891,11.5734018525,3.89642610928,6.26827011994,23.580184207,13.6343976103,4.18904501821,-0.99952834476,0.0121144609097,-0.0282192816571,-0.00248244201689,0.884022966557,0.46743687497,0.0306092388342,0.467286458649,-0.883575939046,0,0,0
llama,45,10,H10_I,True,USABLE,500,-1.29471425846,2.23387118415,2.85348282866,3.74968506292,2.5291492415,1.98087629437,14.0601380711,2.53449121898,0.722132158977,6.39659588579,2.37096959892,3.92387089359,15.0003574274,6.94053204681,2.43971537625,-0.941183066267,-0.312602195547,-0.128274327558,-0.331258625941,0.778739386496,0.532759505461,0.0666495199598,-0.543916202424,0.836488497369,0.006,0.016,0.032
llama,45,10,H10_J,True,USABLE,500,-2.07811428637,-2.39878965436,3.74904037032,3.44456620115,2.16200636822,1.83053801197,11.8650363141,1.03869069597,0.930097252632,4.67427153621,1.89400954246,3.35086941325,12.1790234266,5.70748558208,2.00366825492,-0.975521563127,-0.170168526491,-0.139285148049,-0.219265314329,0.800929092716,0.5571672194,-0.0167452025217,-0.57406903856,0.818635655929,0,0,0.002
gemma,45,4,H04_A,True,USABLE,500,14291.3726492,31309.2747556,61641.3924113,9611.30674981,20047.442062,23056.2441736,92377217.4389,-6619317.29098,59681401.7793,401899933.229,306425947.331,531590395.391,782547907.015,174890907.771,68428731.2728,0.0612811427597,0.625247037995,0.778017199694,-0.446943232511,0.714156831586,-0.538722346679,0.892460849816,0.314716001146,-0.323214279029,0,0,0
gemma,45,4,H04_B,True,USABLE,500,4023.1474741,27711.9329799,44146.6875009,3516.77410712,6313.49370406,8114.0490111,12367700.1205,317319.52605,9706558.91887,39860202.7513,28240560.1377,65837791.3545,84898452.2889,23736410.6131,9430831.32423,-0.114892777265,-0.528301189402,-0.841247587223,0.368318128792,-0.809149753061,0.457841056618,0.922573252233,0.257244106636,-0.287548367871,0,0,0
gemma,45,4,H04_C,True,USABLE,500,23875.7044884,14430.9311053,49166.4558186,9500.75699472,19351.0902396,22714.9967602,90264383.4727,-29492560.6124,38579066.3265,374464693.46,265566924.572,515971077.815,720302769.009,191948325.479,68449060.2591,0.0201535516421,0.607838945311,0.793804542012,-0.417731398223,0.726462313293,-0.545667468614,0.908347022506,0.320599943742,-0.268554208266,0,0,0
gemma,45,4,H04_D,True,USABLE,500,6611.0949813,4807.85622271,28996.6618077,3928.03416388,7256.19233029,8723.17863885,15429452.3926,-5422431.8759,10959571.5318,52652327.1342,28348496.1949,76093845.5652,95523854.997,38443410.8709,10208359.2241,0.0776422060618,0.543047921573,0.836104444859,-0.408289183437,0.782405860983,-0.470256325197,0.909544738056,0.304860662557,-0.282468309549,0,0,0
gemma,45,5,H05_A,True,USABLE,500,4376.37811018,12856.9704738,20381.5081375,3093.06843542,5599.10724664,6964.19352275,9567072.34618,-1232536.0691,6924784.03549,31350001.9594,18014111.9294,48499991.4224,60412948.1383,21720679.0986,7283438.49115,0.10278359994,0.520892835125,0.847411461982,-0.345396919416,0.817604643173,-0.460677344267,0.932811073927,0.245343232592,-0.263951129151,0,0,0
gemma,45,5,H05_B,True,USABLE,500,12924.1992187,33444.9984879,62864.7770411,9553.36504153,19861.076997,22915.5211357,91266783.6168,-4921872.25808,60525826.2835,394462379.48,302819621.404,525121108.92,772432648.764,171090130.028,67327493.2251,0.0647317672357,0.623428267793,0.779196376549,-0.449708895773,0.715274138497,-0.534925056302,0.890826418206,0.315784897855,-0.326662196946,0,0,0
gemma,45,5,H05_C,True,USABLE,500,22685.1047893,13854.0177569,47236.4779696,9379.67046836,19057.5379443,22413.5685731,87978218.0949,-28994387.3279,37437861.475,363189752.498,256640151.491,502368056.182,698928403.597,187802007.666,66805615.5111,0.0199613273644,0.606089380426,0.795146029572,-0.415816971093,0.728290901384,-0.544691297445,0.909229229601,0.319762452293,-0.26655990348,0,0,0
gemma,45,5,H05_D,True,USABLE,500,7346.39096866,1215.24358072,20299.3643292,3857.4630719,7352.79719822,8311.33874478,14880021.3511,-7586665.95662,8483115.89105,54063626.6382,25590613.0569,69078351.7305,88310845.6753,39863991.6745,9847162.36993,0.0315337952879,0.593790168661,0.804001775717,-0.406286362664,0.742561521815,-0.532478898955,0.913201517338,0.309863876437,-0.264664630829,0,0,0
gemma,45,5,H05_E,True,USABLE,500,13590.3573385,47171.5205934,93339.8237414,6876.36626557,12948.4052752,16308.5052091,47284413.0183,-3940492.43593,33108365.0364,167661199.171,132042717.46,265967342.156,359711093.448,87449071.2059,33752789.692,0.0800157359054,0.563621435244,0.822148623876,-0.461667731594,0.751951202104,-0.470565930832,0.883436691344,0.341906810971,-0.320373758288,0,0,0
gemma,45,6,H06_A,True,USABLE,500,5624.5037042,10526.6608401,14362.3653376,2918.39186181,5220.27553912,6486.68475422,8517011.05907,-2289125.25163,5385779.24648,27251276.7043,14737909.2555,42077079.1007,51432472.4754,20078047.757,6334846.63176,0.0798627047378,0.51324861901,0.85451612242,-0.371284422375,0.810884905656,-0.452342290174,0.925078281062,0.281143246163,-0.255320678841,0,0,0
gemma,45,6,H06_B,True,USABLE,500,8364.89735568,41104.9398021,70756.1013899,9643.23304695,19995.7658979,23159.9863388,92991943.5978,-1082630.14348,63423927.5049,399830653.843,313102395.392,536384967.212,791975927.03,168462312.042,68769325.5812,0.0697798515689,0.622310311633,0.779654185104,-0.455685324544,0.715136567559,-0.530028843305,0.88740163247,0.318291636358,-0.33347979986,0,0,0
gemma,45,6,H06_C,True,USABLE,500,22228.3360758,13243.9700509,45634.5682445,9090.58594775,18495.9156815,21582.3729336,82638752.8735,-22286685.549,38120440.0684,342098896.897,245855188.904,465798821.444,657932547.391,169645694.519,62958229.3044,0.0285933750926,0.612754179447,0.789756123415,-0.424157347978,0.722860011673,-0.545494223325,0.905136985797,0.319383341919,-0.28057319517,0,0,0
gemma,45,6,H06_D,True,USABLE,500,5469.22225114,9411.74051729,27697.0942131,3425.74555224,6352.0765419,7800.36509355,11735732.5887,-1623260.03309,9108256.49807,40348876.3942,23387095.9461,60845695.5927,76836725.543,27475613.2682,8617965.76445,0.104143719986,0.533401954821,0.839426256547,-0.355099842166,0.808327772291,-0.469585258112,0.92900925059,0.24917577558,-0.273593211142,0,0,0
gemma,45,6,H06_E,True,USABLE,500,10708.1437521,48707.5780322,87763.5692603,6471.830828,12181.5613002,15244.3462644,41884594.2663,-2138837.03952,30208847.0536,148390435.71,116044838.859,232390093.029,315828779.86,76779283.157,30057059.9884,0.0859304953343,0.566779249074,0.819376124128,-0.456050440092,0.753575559958,-0.473436238079,0.885795657059,0.332994231562,-0.323235047114,0,0,0
gemma,45,6,H06_F,True,USABLE,500,24156.611153,16182.4756093,55391.9507986,10076.3110646,20377.4824954,24096.1571652,101532044.67,-35639361.6766,44156441.8111,415241792.851,292789544.138,580624790.128,802445915.968,219354710.16,75598001.5205,0.0196914699653,0.601870932967,0.798350565892,-0.422423713671,0.728741975853,-0.53897433961,0.906184557438,0.326629013835,-0.268594555385,0,0,0
gemma,45,7,H07_A,True,USABLE,500,18897.2061873,-2167.45256281,49853.1180698,5638.5796108,11233.7031485,13599.5645275,31793580.0273,-2579887.02515,21865717.9223,126196086.428,92676935.1734,184948155.337,253968928.916,64877028.6601,24091864.2155,0.0727357032653,0.584622466998,0.80803842022,-0.398769993971,0.75965375271,-0.513720418032,0.914161916391,0.284855660072,-0.288383847581,0,0,0
gemma,45,7,H07_B,True,USABLE,500,4186.53209253,12246.8445079,16631.1317097,3018.03603546,5507.49532418,6835.99228638,9108541.51131,-1616299.07331,6456911.41841,30332504.7459,16587975.7942,46730790.5394,57484504.4834,21752226.1095,6935106.20368,0.0965105862975,0.514714066147,0.851912634513,-0.338980603765,0.821738325781,-0.45808107821,0.935830036387,0.244572185773,-0.253784532513,0,0,0
gemma,45,7,H07_C,True,USABLE,500,7147.06538105,43983.3255828,70963.7440917,9616.31917796,19617.7280352,22810.6751923,92473594.5324,-1437347.65337,63972403.098,384855253.263,297649777.303,520326902.729,761470230.249,168372747.777,67812772.4984,0.073504598233,0.618207622542,0.782570386272,-0.456032744489,0.718684777729,-0.524906016555,0.886922324667,0.31829471515,-0.334749554615,0,0,0
gemma,45,7,H07_D,True,USABLE,500,21865.2266329,20889.714926,48062.9542479,9564.23592418,19444.8039405,22534.3338091,91474608.8134,-26204469.5941,40624499.5449,378100400.285,268908935.19,507796200.221,719960575.516,187905103.423,69505530.3815,0.0251289007426,0.616868462595,0.786665010156,-0.42670978368,0.718244259461,-0.549585247494,0.90403943435,0.321867183178,-0.281272496938,0,0,0
gemma,45,7,H07_E,True,USABLE,500,5988.4199538,9100.53651636,28845.07598,3495.70472682,6361.19787068,7738.9162898,12219951.5371,-1344499.34522,9619346.83874,40464838.3499,24674262.7419,59890825.3405,77497534.3813,26451254.3178,8626826.52842,0.110857730655,0.548271092336,0.828920607092,-0.392555621282,0.790396513569,-0.470290798909,0.913022807905,0.273262073195,-0.302848463095,0,0,0
gemma,45,7,H07_F,True,USABLE,500,23160.0434164,19362.3663508,52788.3089993,10002.2257105,20231.2864498,23771.1585814,100044519.163,-40532551.3557,39685846.6811,409304951.416,280190725.907,565067980.303,778074131.796,222271691.729,74071627.3573,0.010514800521,0.604215766855,0.796751370287,-0.418007655722,0.72649113239,-0.545417486258,0.908382649949,0.327313216418,-0.260205725591,0,0,0
gemma,45,7,H07_G,True,USABLE,500,10175.9870903,50958.8732646,83014.4409699,6669.02194765,12397.1229074,15592.122814,44475853.7383,-3112304.67286,31353086.4775,153688656.382,119007663.742,243114293.846,327578514.555,81773591.872,31926697.5392,0.0849665861801,0.561703685132,0.822963941702,-0.457093863415,0.755883960761,-0.468726613168,0.885350709754,0.336345667391,-0.320976187226,0,0,0
gemma,45,8,H08_A,True,USABLE,500,17310.0296677,6275.10662018,61184.3283166,5680.8284555,11133.4608431,13817.2034267,32271811.9408,-3950324.42979,22429349.0054,123953950.345,91317946.0577,190915110.534,255866603.904,67278669.4113,23995599.5051,0.0723596374631,0.566225997382,0.821067721174,-0.403933243404,0.769327898897,-0.4949469859,0.911922155526,0.295842363206,-0.284385791477,0,0,0
gemma,45,8,H08_B,True,USABLE,500,3573.2334705,18840.8116882,33706.4782974,3416.6136422,6111.80145034,7603.39689464,11673248.7801,269024.111104,9010172.02776,37354116.9683,24713621.8352,57811644.3374,75253938.3884,22715495.7954,8869575.90203,-0.120087654913,-0.542856325973,-0.831195503169,0.365169965572,-0.802710379093,0.471494372756,0.92316296036,0.246906979747,-0.294630432866,0,0,0
gemma,45,8,H08_C,True,USABLE,500,3096.85250919,39661.9397958,50537.1006135,5309.73402163,10214.3037209,12180.1266379,28193275.3805,2578275.34524,23401152.0764,104332000.504,81203216.5359,148355484.916,212689152.096,48657765.73,19533842.9741,-0.109089509101,-0.597776284614,-0.794205888015,0.46733722444,-0.736009460266,0.48978157688,0.877322858278,0.317731943551,-0.359654020402,0,0,0
gemma,45,8,H08_D,True,USABLE,500,15953.6317638,7672.85129411,10185.3223877,6588.85484929,12026.5829157,14095.5649599,43413008.225,-24921158.3188,11958495.3057,144638696.627,78986506.8456,198684951.539,255252450.169,101017918.225,30466287.9967,-0.0229590623162,0.584392080051,0.811146582457,-0.426412437702,0.728131690053,-0.536653216625,0.904237421494,0.358204046202,-0.232474830582,0,0,0
gemma,45,8,H08_E,True,USABLE,500,19673.1673993,20177.3446376,55685.27721,9648.01393024,19955.9660315,22980.5249078,93084172.7982,-16921136.4087,50284880.3718,398240580.25,293196184.479,528104525.036,764698342.963,184395833.386,70335101.7365,0.0427859550936,0.622956594363,0.781085426561,-0.433938586341,0.715795494363,-0.547114351424,0.899925922135,0.315534295743,-0.300950897788,0,0,0
gemma,45,8,H08_F,True,USABLE,500,22954.269946,18001.6781097,53483.3478478,9816.13564536,20076.7063664,23532.2317085,96356519.0081,-28730826.1696,43573433.2668,403074138.523,286611232.173,553765929.181,775195909.841,204495999.175,73504677.6953,0.0251311944163,0.608785822651,0.792936469843,-0.413605944688,0.728446725038,-0.546164344588,0.910109084443,0.31423747536,-0.270104171559,0,0,0
gemma,45,8,H08_G,True,USABLE,500,10526.5137378,-1297.64218725,30731.6890308,4730.86839471,9312.8467346,10580.2512609,22381115.7681,-11857812.8406,13413602.885,86729114.3021,46474585.5608,111941716.744,147586965.833,59472065.0331,13992915.9484,0.0282675561124,0.60319717352,0.79709103315,-0.426723980469,0.728380545761,-0.536067556423,0.903940036598,0.324984538731,-0.27798823684,0,0,0
gemma,45,8,H08_H,True,USABLE,500,13494.861929,48901.7257071,80509.2975813,8432.08723849,16241.4526169,19572.5553836,71100095.1975,-9139441.78482,46269079.2609,263784783.108,196465151.411,383084924.245,530958395.146,136132394.381,50879013.0242,0.069263147909,0.589456164121,0.804825476064,-0.458446266993,0.735335592002,-0.499107791379,0.886018982089,0.334399458305,-0.321165635869,0,0,0
gemma,45,9,H09_A,False,USABLE,500,19491.0220282,-144.541589951,51013.0759583,5722.58808814,11460.6804111,13883.0766804,32748014.4265,-3013126.65348,22032780.148,131347195.486,97283707.5904,192739818.113,265160590.602,66791929.9008,24882507.5228,0.0689730979036,0.585615909556,0.807648883018,-0.400504557072,0.757726661879,-0.515214912092,0.913695141461,0.28793108959,-0.286804595705,0,0,0
gemma,45,9,H09_B,False,USABLE,500,3646.13624138,20782.954572,33893.5708673,3672.27310605,6446.41273934,7948.89379951,13485589.7654,1102402.60956,11078802.4952,41556237.2059,28020577.8406,63184912.6359,83769874.5704,24587147.9207,9869717.11613,-0.138431968959,-0.550216459325,-0.823467326527,0.386602891002,-0.795527107305,0.466556348377,0.911797562312,0.253768535145,-0.322841657677,0,0,0
gemma,45,9,H09_C,False,USABLE,500,14710.8869898,21662.3769649,55615.678049,9178.98621812,18962.4887452,21971.1082417,84253787.9924,-12398788.4995,48961510.6396,359575979.413,266371906.389,482729597.367,696087694.751,166882131.101,63589538.9215,0.0501998554031,0.618735087313,0.78399417488,-0.429679468834,0.722002882225,-0.542298250155,0.90158500907,0.309642906888,-0.302102203954,0,0,0
gemma,45,9,H09_D,False,USABLE,500,13628.5880223,7415.59750614,6439.77213475,5681.88987448,10196.7732866,12056.7298974,32283872.5458,-17152137.9931,10222787.4887,103974185.458,56441606.5299,145364735.819,184799496.294,74046284.7484,22777012.7799,-0.0096522744803,0.573884757154,0.818879184681,-0.430273804771,0.736843930564,-0.521464739861,0.902646822697,0.357375583242,-0.239815358094,0,0,0
gemma,45,9,H09_E,False,USABLE,500,6392.48579864,4797.78586909,22011.6129809,3392.30098437,6469.95816084,7740.70765951,11507705.9686,-3619631.53155,7679392.87384,41860358.603,22711983.1331,59918555.07,75626735.4012,29371089.6646,8288794.57567,0.0684036769718,0.551749962113,0.831199684964,-0.37113068959,0.78743045601,-0.492153724147,0.926057745619,0.274818587901,-0.258634482471,0,0,0
gemma,45,9,H09_F,False,USABLE,500,5329.71900638,53634.3903205,77713.0340839,6559.07980057,12893.1501235,15686.2864617,43021527.8303,4948357.21002,37216909.4104,166233320.107,134040461.231,246059582.959,349525482.967,75464726.5729,30324221.357,-0.106790330333,-0.588793981593,-0.801197524077,0.447930755917,-0.747890973354,0.489915431354,0.887667653602,0.306562781849,-0.343606457352,0,0,0
gemma,45,9,H09_G,False,USABLE,500,22297.3263148,21264.5529072,57327.0114465,10097.1953155,20635.3754043,24076.5266034,101953353.239,-26919696.3834,48000229.6,425818718.077,306496212.716,579679133.284,819387843.944,210343507.311,77719853.3454,0.029832814882,0.61287927956,0.789613191279,-0.421600173983,0.723972128059,-0.546001511986,0.906290955739,0.31661229679,-0.279988137369,0,0,0
gemma,45,9,H09_H,False,USABLE,500,23034.6508185,17076.5751174,50090.9276725,9832.47838496,19984.5034062,23342.3115712,96677631.1907,-37328649.3225,39498188.1972,399380376.392,274507516.621,544863509.488,756215204.648,212897605.707,71808706.7164,0.0130440391689,0.608828071261,0.79319495251,-0.418854216024,0.723638618598,-0.548551087314,0.90795980019,0.325077728119,-0.264449374967,0,0,0
gemma,45,9,H09_I,False,USABLE,500,13758.8100225,45386.2205637,81940.1024886,7419.00757806,14091.6840366,17400.7282021,55041673.4433,-8478946.34866,34839832.0325,198575558.988,149771933.369,302785341.963,410817205.587,106012802.13,39572566.6768,0.0662883691712,0.573528412188,0.816499242208,-0.456370947067,0.745118226576,-0.486337729461,0.88731697312,0.340387997493,-0.311134376719,0,0,0
gemma,45,10,H10_A,True,USABLE,500,14857.4447138,1011.88081461,40956.5184616,3798.23081207,7412.44219321,8852.63463075,14426557.3017,-1494533.50542,9659557.24979,54944299.2677,39529305.2698,78369139.9055,108386615.938,28702602.3071,10650778.2294,0.0731189123521,0.591753640555,0.802795897813,-0.424519795158,0.746853549579,-0.511852243329,0.902461394285,0.303376670777,-0.305820253504,0,0,0
gemma,45,10,H10_B,True,USABLE,500,21500.5204256,11520.1371865,44740.2213112,8665.93396524,17727.2637902,20532.9091172,75098411.4899,-16988504.9195,37360926.8578,314255881.488,227982355.384,421600356.814,602812367.998,151080930.41,57061351.3833,0.0356854075488,0.618247528138,0.785172939956,-0.429478444339,0.718908723076,-0.546551474002,0.902371773459,0.317710940693,-0.291178537375,0,0,0
gemma,45,10,H10_C,True,USABLE,500,7634.87071953,4874.94568688,-1660.42701581,4141.57348939,7419.21165355,8794.80267644,17152630.968,-9762777.11674,7076610.23177,55044701.5602,24557037.7662,77348554.1176,93173214.7953,44520661.5692,11852010.2812,0.00903090902741,0.539815257422,0.841735071466,-0.402555614268,0.772508495574,-0.491100398785,0.915350981921,0.33441009572,-0.224282116489,0,0,0
gemma,45,10,H10_D,True,USABLE,500,4838.77021838,41267.7874344,64145.5814598,8240.9256117,16646.7423339,19595.9339209,67912854.9376,-261622.318995,51259538.7981,277114030.33,213981335.399,384000626.233,554455047.3,126234222.039,48338242.1618,0.0828035121767,0.608714979445,0.789056178083,-0.454690201906,0.727635925431,-0.513617348142,0.886792195874,0.316246792586,-0.337027547118,0,0,0
gemma,45,10,H10_E,True,USABLE,500,4581.5414616,15257.8558997,29766.8595513,3422.16150294,6273.54463775,7863.95258968,11711189.3522,-671993.836945,9471692.26194,39357362.3218,23833966.3046,61841750.3327,77842439.8142,26271151.8569,8796710.33566,0.115777060824,0.521509604684,0.845354011293,-0.337374444738,0.821126791798,-0.460357769381,0.93422382555,0.231901970701,-0.271011659824,0,0,0
gemma,45,10,H10_F,True,USABLE,500,4716.83345094,42590.1833015,62626.2467417,5213.20512058,9247.09018219,11367.6930014,27177507.6292,2608038.15671,20656875.9946,85508676.8376,64517107.1071,129224444.174,177722537.44,44257163.2962,19930927.9046,-0.121275172422,-0.571337088605,-0.811705774119,0.449989519151,-0.760530446727,0.468084257646,0.884760851987,0.308492091934,-0.349329162833,0,0,0
gemma,45,10,H10_G,True,USABLE,500,22132.5788939,18170.2771174,44927.0069986,9341.7836174,18969.4803782,22193.3651887,87268921.1544,-31168781.8172,35205003.8124,359841185.819,249824359.017,492545458.398,684812571.324,188691513.231,66151480.8171,0.0150043746739,0.608501724544,0.793410688085,-0.41375638168,0.726154329507,-0.549095207007,0.910263986632,0.320039905271,-0.262666963424,0,0,0
gemma,45,10,H10_H,True,USABLE,500,22595.4833338,-6339.05684659,35521.4599629,8792.60627951,16624.5453121,18604.7162667,77309925.1865,-45215532.9581,28126255.0454,276375506.833,163105053.939,346135467.366,478158172.298,173461889.571,48200837.5161,-0.0167224519842,0.630808497887,0.775758337753,-0.481069139317,0.675084290145,-0.559315371142,0.876523155882,0.382546520299,-0.292173436525,0,0,0
gemma,45,10,H10_I,True,USABLE,500,18283.5592827,33202.2614444,72215.0869245,10895.9125548,21942.3661844,25644.1771348,118720910.401,-23293212.9179,64637696.7742,481467433.772,350242383.007,657623820.921,932353807.993,236587504.905,88870852.1968,0.0452619357298,0.611364586292,0.790053605651,-0.43632375554,0.72353818644,-0.534896319967,0.898650620389,0.320508713439,-0.299501631188,0,0,0
gemma,45,10,H10_J,True,USABLE,500,20206.2656541,33055.4937395,93916.1892318,8723.16613523,17121.1640322,21392.7511765,76093627.4228,-14861034.3971,49941978.7936,293134257.818,223624308.515,457649802.898,615630360.256,157070646.317,54176681.5657,0.0604330198613,0.566902520192,0.821565202957,-0.439405001588,0.754139118669,-0.488054745159,0.89625392311,0.331505237202,-0.294674707122,0,0,0
